Date 	"Opening Price
(TZS)"	"Closing Price
(TZS)"	High (TZS)	"Low
(TZS)"	"Turnover
(TZS)
"	"Number of 
deals"	"Outstanding
shares bids"	"Outstanding
Offers"	"Number of 
share 
traded
"	"Market Cap 
(TZS) 
Billions"
02/01/2014	280	280	285	280	5342375	11	2600	19700	18875	609.43
03/01/2014	280	280	285	280	6381875	22	5300	67100	22575	609.43
06/01/2014	285	285	285	280	918635980	45	105300	42000	3223291	620.31
07/01/2014	285	285	285	285	103078800	17	106600	42000	361680	620.31
08/01/2014	285	280	285	280	720843805	33	104100	82200	2529314	609.43
09/01/2014	285	280	285	280	1448202170	34	169200	50900	5082548	609.43
10/01/2014	285	285	285	280	169905860	15	72000	-	596162	620.31
15/01/2014	290	290	290	280	14509515	24	60700	14800	50470	631.19
16/01/2014	290	290	290	285	257273475	47	42000	413500	888535	631.19
17/01/2014	290	290	295	290	82527920	22	570400	407900	284548	631.19
20/01/2014	295	295	295	290	5181570	11	871200	409600	17883	642.08
21/01/2014	295	295	300	295	17527890	23	466000	599300	59242	642.08
22/01/2014	295	295	295	290	142127600	38	236900	1700	481790	642.08
23/01/2014	295	295	295	295	17767850	7	652500	398800	60230	642.08
24/01/2014	300	300	300	295	96790360	34	709600	102800	322774	652.96
27/01/2014	300	300	300	285	88322925	57	634500	102800	294412	652.96
28/01/2014	300	300	300	300	906000	10	699700	118300	3020	652.96
29/01/2014	300	300	300	300	6058500	19	187100	15500	20195	652.96
30/01/2014	300	300	300	300	23302300	25	174200	115300	77661	652.96
31/01/2014	320	320	320	320	40736000	9	682400	13000	127300	696.49
03/02/2014	320	300	320	300	54305680	30	556800	157600	172975	652.96
04/02/2014	295	295	300	295	16468400	22	539500	155800	54903	642.08
05/02/2014	300	300	300	300	39513000	45	523400	88100	131710	652.96
06/02/2014	300	300	300	300	20478600	29	34900	124900	68262	652.96
07/02/2014	300	300	300	300	297780000	20	535100	42200	992600	652.96
10/02/2014	300	300	300	300	6075000	6	535000	30300	20250	652.96
11/02/2014	300	300	325	300	25906100	42	652200	10800	86312	652.96
12/02/2014	300	300	300	300	18043800	21	631900	10800	60146	652.96
13/02/2014	300	300	300	300	4500000	4	134600	600	15000	652.96
14/02/2014	300	300	320	300	10695000	21	823400	19600	35590	652.96
17/02/2014	300	300	300	300	3604500	13	799000	23400	12015	652.96
18/02/2014	305	305	305	305	688867500	14	809000	23400	2295400	663.84
19/02/2014	310	310	310	305	21799720	18	1064800	14600	70322	674.72
20/02/2014	320	320	320	320	36361280	18	448200	14300	113629	696.49
21/02/2014	320	315	320	305	20057635	23	504300	10800	63369	685.61
24/02/2014	320	320	320	320	1368000	10	965100	22200	4275	696.49
25/02/2014	320	320	320	320	13120000	14	931700	22200	41000	696.49
26/02/2014	320	320	325	320	14609375	20	344300	11400	45125	696.49
27/02/2014	330	325	330	325	98875220	34	178800	357100	303475	707.37
28/02/2014	330	320	330	320	61624500	48	28400	1320200	189100	696.49
03/03/2014	325	325	325	320	2258605275	24	51000	1012600	7058127	707.37
04/03/2014	325	325	325	325	5303000	7	39800	1010800	16500	707.37
05/03/2014	320	320	325	320	659596700	33	68000	806800	2061236	696.49
06/03/2014	320	320	325	320	30091875	15	69200	86200	93935	696.49
07/03/2014	320	320	325	320	16219275	13	136900	136500	50567	696.49
10/03/2014	320	320	325	320	2600309750	23	108600	684700	7882210	696.49
11/03/2014	320	320	325	320	48811900	27	3100	681400	152532	696.49
12/03/2014	320	320	325	320	51668150	15	3400	825600	161462	696.49
13/03/2014	320	320	325	320	9787100	17	2700	876900	30605	685.61
14/03/2014	320	315	325	315	15066900	15	3400	432900	47770	685.61
17/03/2014	315	315	325	315	3811500	3	15400	448400	12100	685.61
18/03/2014	315	310	325	310	11121715	31	20500	1051300	35632	674.72
19/03/2014	310	300	325	300	7926270	27	1800	1669600	26218	652.96
20/03/2014	310	300	325	300	4870760	17	1800	1669600	16218	652.96
21/03/2014	300	310	310	300	38161500	15	3900	1598100	124100	674.72
24/03/2014	310	310	315	310	1763405	7	3900	1576600	5687	674.72
26/03/2014	310	300	310	300	92978110	39	156600	343700	309881	652.96
27/03/2014	300	300	300	300	13615595	29	185800	450300	45415	642.08
28/03/2014	295	295	295	295	29824500	5	185800	450300	101100	642.08
31/03/2014	295	295	300	295	11623500	5	221100	226100	39400	642.08
01/04/2014	0	0	0	0	0	0	317900	298100	0	642.08
02/04/2014	300	295	300	295	1844375	5	290900	331800	6225	642.08
03/04/2014	300	300	300	300	7470000	11	256000	332400	24900	652.96
04/04/2014	300	300	300	300	139758600	23	663700	332400	465862	652.96
08/04/2014	300	310	320	300	40753300	17	522700	625600	132590	674.72
09/04/2014	305	305	310	300	76685510	33	531900	1570600	251531	663.84
10/04/2014	300	300	305	300	162212500	37	270100	1678400	540700	652.96
11/04/2014	300	310	310	300	642372160	29	311100	1308000	2083199	674.72
14/04/2014	300	310	315	300	4334500	10	193200	888400	14250	674.72
15/04/2014	300	300	310	300	25410800	21	187500	744400	83680	652.96
16/04/2014	310	310	310	305	59608130	26	242100	616800	192523	674.72
17/04/2014	310	310	310	305	1361837190	17	285900	608400	4393099	674.72
22/04/2014	310	310	320	310	27502190	11	364300	1140700	86226	674.72
23/04/2014	315	320	320	315	41200600	9	514500	614500	129080	685.61
24/04/2014	320	320	320	320	627520000	36	125700	184800	1961000	696.49
25/04/2014	310	310	320	310	1115326780	31	17000	93500	3597823	696.49
28/04/2014	305	305	315	305	1812100	9	66700	736000	5940	663.84
29/04/2014	305	305	310	305	129545900	23	91300	530000	424740	663.84
30/04/2014	305	310	310	305	14992650	17	257300	631000	48970	674.72
02/05/2014	3310	310	310	305	17794500	16	197600	628700	58100	674.72
05/05/2014	310	310	310	305	5676025	13	257500	182600	18310	674.72
06/05/2014	310	305	310	305	5258750	14	12900	269600	17025	663.84
07/05/2014	305	310	310	305	9319700	14	12900	269600	30220	674.72
08/05/2014	305	310	310	305	35056440	33	43100	141500	113724	674.72
09/05/2014	310	310	315	310	19466925	24	153200	0	62795	674.72
12/05/2014	315	315	315	310	32956885	24	643400	162800	105429	685.61
13/05/2014	320	320	320	315	26196625	13	914500	90800	81875	696.49
14/05/2014	320	320	325	320	13065040	8	921800	79500	40447	696.49
15/05/2014	325	325	325	320	25949420	15	755200	56400	80831	707.37
16/05/2014	325	325	325	325	17192500	14	478500	86700	52900	707.37
19/05/2014	325	320	325	320	108667325	40	75800	290200	338001	696.49
20/05/2014	325	320	325	320	9383375	11	467100	429400	29275	696.49
21/05/2014	320	320	320	320	4838400	14	442900	539100	15120	696.49
22/05/2014	320	310	320	310	1325000	10	404700	660900	14200	674.72
23/05/2014	310	310	320	310	6401511000	9	509600	431600	20004800	674.72
26/05/2014	320	320	320	320	2400000	4	145100	402800	7500	696.49
27/05/2014	315	315	320	315	13219000	17	143100	731100	41725	685.61
28/05/2014	315	310	320	310	152337000	43	10300	365300	68561	17.95
29/05/2014	310	310	310	310	373581000	14	12600	482800	1205100	674.72
30/05/2014	320	320	320	310	4480011000	22	229300	0	14000400	696.49
02/06/2014	320	320	320	320	7684480	25	251100	141400	24014	696.49
03/06/2014	320	320	325	320	27802225	11	181700	777900	86650	696.49
04/06/2014	320	320	320	320	16238400	14	253700	772200	50745	696.49
05/06/2014	320	320	320	320	780480	13	90000	754000	2439	696.49
06/06/2014	320	320	320	320	13952000	5	106600	666200	43600	696.49
09/06/2014	320	315	320	315	82638960	26	7600	240200	262303	685.61
10/06/2014	320	315	320	315	32322060	20	2400	210200	102608	685.61
11/06/2014	315	320	320	315	121522320	23	83800	742100	380226	696.49
12/06/2014	315	320	320	315	48541000	12	308400	830400	151700	696.49
13/06/2014	320	315	320	315	332608380	31	334110	761000	1039409	685.61
16/06/2014	320	320	320	320	1728632000	38	627200	523000	5245725	696.49
16/06/2014	320	320	320	320	1008000	5	524000	1019900	3150	696.49
18/06/2014	320	320	320	315	5982500	11	344800	231700	18700	696.49
19/06/2014	320	320	320	320	165366400	34	217900	362900	516770	696.49
20/06/2014	320	320	320	320	23200000	16	298300	368600	72500	696.49
23/06/2014	320	320	320	320	652328000	31	269000	16100	2038525	696.49
24/06/2014	320	320	320	320	34153920	13	269000	197100	106731	696.49
25/06/2014	320	315	320	315	2360900	10	90100	209700	7470	685.61
26/06/2014	320	320	320	320	20440000	18	173000	1163900	63875	696.49
27/06/2014	320	320	320	320	441726400	101	100090	10800	1380395	696.49
30/06/2014	330	320	330	320	36216000	34	32550	40800	113175	696.49
01/07/2014	320	320	320	320	4000000	2	119670	0	12500	696.49
01/07/2014	320	320	320	320	4000000	2	119670	0	12500	696.49
03/07/2014	320	320	320	320	18477760	16	258650	0	57743	696.49
04/07/2014	320	320	330	320	25683520	64	664190	500000	80261	696.49
08/07/2014	320	320	330	320	174051840	39	127900	690800	543912	696.49
09/07/2014	320	320	320	320	50005440	133	0	0	156267	696.49
10/07/2014	320	325	325	320	95943250	19	0	0	295210	707.37
11/07/2014	320	320	320	320	13839680	22	0	0	43249	696.49
14/07/2014	320	320	325	320	10616900	3	0	0	33170	696.49
15/07/2014	320	320	330	320	852427280	19	0	0	2647604	696.49
16/07/2014	320	320	325	320	17529680	23	0	0	54709	696.49
17/07/2014	320	320	320	320	68910400	31	0	0	215345	696.49
18/07/2014	320	320	320	320	6684000	17	0	0	20575	696.49
21/07/2014	325	320	325	320	14915750	3	0	0	46510	696.49
22/07/2014	325	320	325	320	41637650	46	0	0	128863	696.49
23/07/2014	325	320	325	320	128766845	60	0	0	402276	696.49
24/07/2014	325	320	325	320	10755620	15	0	0	33141	696.49
25/07/2014	325	320	325	320	253689325	46	0	0	792779	696.49
28/07/2014	320	320	320	320	5140800	23	0	0	16065	696.49
31/07/2014	320	315	320	315	3854073430	37	0	0	12044384	685.61
01/08/2014	315	315	315	315	39162375	17	0	0	124325	685.61
04/08/2014	315	320	320	315	71458175	31	0	0	223485	696.49
05/08/2014	320	320	320	315	152084475	22	0	0	475280	696.49
06/08/2014	320	320	320	320	52063680	10	0	0	162699	696.49
07/08/2014	320	320	325	320	158546200	22	0	0	495410	696.49
11/08/2014	320	320	325	320	5523545	14	0	0	17238	696.49
12/08/2014	320	320	325	320	147568010	62	0	0	460128	696.49
13/08/2014	320	320	320	320	21994880	11	0	0	68734	696.49
14/08/2014	320	320	320	320	169884800	58	0	0	530890	696.49
15/08/2014	320	320	320	320	263534400	24	0	0	823545	696.49
18/08/2014	320	320	320	320	16568000	32	0	0	51775	696.49
19/08/2014	320	320	320	320	284893760	50	0	0	890293	696.49
20/08/2014	320	320	320	320	35414720	12	0	0	110671	696.49
21/08/2014	320	320	320	320	4110657920	28	0	0	12845806	696.49
22/08/2014	320	320	320	320	4635718400	11	0	0	14486620	696.49
25/08/2014	320	320	320	320	35414720	12	0	0	110671	696.49
26/08/2014	320	325	325	320	13977760	16	0	0	43243	707.37
27/08/2014	325	320	325	320	21105500	38	0	0	65940	696.49
28/08/2014	320	320	320	320	6888000	39	0	0	21525	696.49
29/08/2014	320	320	320	315	262101880	26	0	0	819294	696.49
01/09/2014	320	320	320	320	13076800	18	0	0	40865	696.49
02/09/2014	320	320	320	320	1107200	20	0	0	3460	696.49
03/09/2014	320	320	320	315	21319410	20	0	0	67068	696.49
04/09/2014	315	315	315	315	2709000	6	0	0	8600	685.61
05/09/2014	315	320	320	315	137739700	21	0	0	432490	696.49
08/09/2014	320	320	320	315	129150090	16	0	0	403622	696.49
09/09/2014	315	315	320	315	48455665	25	0	0	153270	685.61
10/09/2014	315	315	315	315	33465600	8	0	0	106240	685.61
11/09/2014	315	315	315	315	1222200	8	0	0	3880	685.61
12/09/2014	315	315	315	315	277200	5	4004	382210	880	685.61
15/09/2014	315	320	320	300	323007555	71	0	190675	1012662	696.49
16/09/2014	320	320	320	315	739484990	40	204340	412890	2310891	696.49
17/09/2014	320	320	320	320	37628800	9	89256	412890	117590	696.49
18/09/2014	320	320	325	320	52068240	20	250	643800	161932	696.49
19/09/2014	320	320	320	315	7518700	16	1820	723484	23505	696.49
22/09/2014	320	320	320	315	97415080	47	102	935260	304449	696.49
23/09/2014	320	320	320	315	60118370	26	8002	506000	188061	696.49
24/09/2014	320	320	320	315	33073760	25	10874	556000	103418	696.49
25/09/2014	320	320	320	320	2785500	13	72328	555850	8700	696.49
26/09/2014	320	320	320	320	4511360	33	15830	7902	14098	696.49
29/09/2014	320	315	320	315	29331200	15	29570	0	92910	685.61
30/09/2014	320	330	330	320	267505200	35	223043	0	815155	718.26
01/10/2014	330	330	330	330	29996010	19	177643	0	90897	718.26
02/10/2014	340	340	340	330	197863650	27	172713	0	584405	740.02
03/10/2014	340	345	345	340	168932000	5	215303	0	489800	750.9
06/10/2014	350	350	350	350	25249000	17	351143	0	72140	761.79
07/10/2014	380	390	390	380	26324000	9	448830	0	67800	848.85
08/10/2014	410	415	415	405	231863800	18	1418490	0	559620	903.26
09/10/2014	420	415	430	415	1590980100	100	877523	0	3816715	903.26
10/10/2014	420	425	435	420	198881435	9	1823413	620	467954	925.03
13/10/2014	430	435	440	430	1212618200	35	1985243	10	2487580	946.79
15/10/2014	435	435	440	430	27691250	17	1085873	5	63910	946.79
16/10/2014	435	440	445	430	1149228710	130	1013.861	0	2611749	957.67
17/10/2014	440	450	460	440	700787580	48	718020	0	1561952	979.44
20/10/2014	460	465	470	460	39459800	17	700845	359000	84450	1012.09
21/10/2014	465	475	475	460	179372420	50	306226	0	378070	1033.85
22/10/2014	475	490	490	475	983002000	11	370036	5	2006320	1066.5
23/10/2014	490	495	500	475	410343550	55	697310	100200	828310	1077.38
24/10/2014	495	500	505	495	316443500	94	298656	2710	634510	1088.27
27/10/2014	510	510	515	500	279956250	57	550195	2710	548821	1110.03
28/10/2014	500	520	500	520	1656161750	95	78089	490	3305907	1088.27
29/10/2014	510	520	500	520	150942550	58	88319	167930	297409	1110.03
30/10/2014	510	520	495	520	230917700	72	17240	92350	451555	1110.03
31/10/2014	500	500	495	500	373384325	58	0	600830	747785	1088.27
03/11/2014	520	520	500	520	914443250	71	0	250004	1765105	1131.8
04/11/2014	520	520	500	520	1020829070	41	9	660441	1963976	1131.8
05/11/2014	515	520	500	520	708558520	68	1103	754730	1381980	1120.91
06/11/2014	520	520	500	520	555483400	40	1103	640000	1073040	1131.8
07/11/2014	510	520	500	520	102748730	93	1100	711410	200564	1110.03
10/11/2014	500	505	500	505	149644900	31	2380	705036	299284	1088.27
11/11/2014	500	500	500	500	610989500	29	57890	703510	1221979	1088.27
12/11/2014	505	510	500	510	1150791600	79	15733	678580	2269028	1099.15
13/11/2014	500	505	500	505	86752350	25	80388	681710	173485	1088.27
14/11/2014	510	510	500	510	106267900	18	35878	661600	209350	1110.03
17/11/2014	505	510	500	510	45148470	24	139498	1059571	89469	1099.15
18/11/2014	505	505	500	505	34792155	28	107768	999240	68901	1099.15
19/11/2014	500	505	500	505	42680975	39	28840	940005	85341	1088.27
20/11/2014	500	505	500	505	34840300	32	4042	1006340	69355	1088.27
21/11/2014	500	505	500	505	15905050	40	4640	423490	31810	1088.27
24/11/2014	500	500	500	500	3710000	32	4640	1053570	7420	1088.27
25/11/2014	500	500	500	500	6000000	25	604	927720	12000	1088.27
26/11/2014	500	500	495	500	401752650	41	702	543050	805255	1088.27
27/11/2014	500	500	500	500	3695500	21	1300	908000	7391	1088.27
28/11/2014	495	500	495	500	24264750	42	602	1513060	48860	1077.38
01/12/2014	495	500	495	500	353676150	70	622	939210	711770	1077.38
02/12/2014	495	500	495	500	55316125	26	605	921760	111725	1077.38
03/11/2014	495	495	490	495	30504085	21	8940	781570	61683	1077.38
04/12/2014	490	495	480	480	148766150	31	8340	888590	303910	1066.5
05/12/2014	480	490	470	490	39997350	25	1110	573640	82445	1044.74
08/12/2014	475	475	470	475	32384400	25	0	867840	68240	1033.85
10/12/2014	470	470	465	470	27562700	15	7130	3787790	58700	1022.97
11/11/2014	465	465	440	465	44614000	39	7250	3258350	96190	1012.09
12/12/2014	455	465	450	465	48895110	24	20050	3132101	107324	990.32
15/12/2014	450	450	440	450	17414990	26	0	3653586	38892	979.44
16/12/2014	440	445	440	445	90010940	28	0	3510543	204562	957.67
17/12/2014	440	450	435	450	5502245	16	0	453290	12518	957.67
18/12/2014	440	440	420	440	55822500	40	22576	554950	127360	957.67
19/12/2014	430	430	420	430	2059880	4	22330	550400	4796	935.91
22/12/2014	435	435	435	435	4339125	4	358325	337464	9975	946.79
23/12/2014	430	430	430	430	153686300	26	21384	422064	357410	935.91
24/12/2014	435	440	430	440	54749500	6	523594	312344	125170	946.79
29/12/2014	430	430	430	430	80020420	27	311060	182370	186094	935.91
30/12/2014	430	435	430		184280555	47	14080	294370	428101	935.91
31/12/2014	430	440	420	440	260964660	19	14160	116110	605082	935.91
02/01/2015	430	430	440	430	10499610	34	24774	137160	24357	935.91
05/01/2015	430	435	435	430	56529760	19	131454	12820	129966	946.79
06/01/2015	435	430	440	430	37130865	31	74564	12510	85965	935.91
07/01/2015	430	430	435	430	46897100	32	34602	27750	108920	935.91
08/01/2015	430	430	435	430	34685670	66	12020	24900	80664	935.91
09/01/2015	430	430	435	430	95738170	44	38720	13900	222519	935.91
13/01/2015	430	430	430	430	25950500	19	7760	30390	60350	935.91
14/01/2015	430	430	430	430	239124720	89	24570	4210	556104	935.91
15/01/2015	430	430	430	430	682820220	16	12588	0	1587954	935.91
16/01/2015	430	435	435	430	92497850	30	272749	0	213500	946.79
19/01/2015	435	435	440	435	134918600	12	298538	17500	310060	946.79
20/01/2015	435	435	440	435	10291700	11	280513	11930	23595	946.79
21/01/2015	435	435	440	435	103378815	24	285996	0	237249	946.79
22/01/2015	435	440	445	435	2964670	7	605424	19760	6702	957.67
23/01/2015	440	440	445	440	155392530	33	179737	18920	352207	957.67
26/01/2015	440	445	450	440	29353250	11	420083	8323	65425	968.56
27/01/2015	445	465	500	440	3134320	9	563873	46030	6713	1012.09
28/01/2015	465	455	455	450	51674800	14	490580	30663	113942	990.32
29/01/2015	455	455	475	450	58251560	24	307780	34910	127945	990.32
30/01/2015	455	460	470	460	69731200	14	264880	35690	151500	1001.2
02/02/2015	460	460	470	460	3893100	5	288990	42965	8430	1001.2
03/02/2015	460	475	475	460	11499200	31	249142	16767	24265	1033.85
04/02/2015	475	490	500	475	91210200	28	189685	8000	185612	1066.5
05/02/2015	490	500	500	470	18676785	24	253900	96066	37355	1088.27
06/02/2015	500	500	510	500	1226773500	62	126940	73390	2453544	1088.27
09/02/2015	500	500	500	500	414262500	76	170998	63280	828525	1088.27
10/02/2015	500	495	500	490	113537660	62	91403	67140	228602	1077.38
11/02/2015	495	495	500	490	20382900	11	50492	55190	41260	1077.38
12/01/2015	495	495	500	495	122765430	46	101080	14138	246824	1077.38
13/01/2015	495	495	495	495	128301030	22	101087	163110	259194	1077.38
16/02/2015	495	495	500	480	269816480	47	24982	625030	547165	1077.38
17/02/2015	495	490	495	490	22329325	27	1952	751270	45570	1066.5
18/02/2015	490	490	490	490	1819370	49	7	912890	3713	1066.5
19/02/2015	490	485	490	485	64108855	24	7	917597	132118	1055.62
20/02/2015	485	475	490	475	9667865	15	7	1041250	20353	1033.85
23/02/2015	475	450	475	450	11900435	14	8100	777360	26440	979.44
24/02/2015	450	440	450	430	40479200	28	39530	1088922	91628	957.67
25/02/2015	440	440	450	430	44919925	18	67971	1139871	101966	957.67
26/02/2015	440	425	430	400	43481480	15	51437	1379040	102076	925.03
27/02/2015	425	425	430	415	15991950	19	22392	1226200	37805	925.03
02/03/2015	425	400	445	400	92768610	41	1	1292440	231856	870.61
03/03/2015	400	400	410	390	185066250	45	69592	72480	462236	870.61
04/03/2015	400	395	400	390	35805205	36	154055	10890	90609	859.73
05/03/2015	395	400	400	395	4033610500	40	325740	1563710	10084402	870.61
06/03/2015	400	395	400	390	35805205	36	154055	10890	90609	859.73
09/03/2015	400	400	400	400	2348000	9	312473	1586830	5870	870.61
10/03/2015	400	400	400	400	2652136400	24	245081	1594110	6470341	870.61
11/03/2015	400	400	410	400	67212000	15	9154	1594110	167755	870.61
12/03/2015	400	400	405	400	750790025	28	134313	10400	1876975	870.61
13/03/2015	400	400	400	400	11292000	13	105718	10400	28230	870.61
16/03/2015	400	400	400	400	4077600	38	102000	247410	10194	870.61
17/03/2015	400	400	400	400	4424928000	22	295902	18000	11062320	870.61
18/03/2015	400	420	420	420	277200	1	311097	1562870	660	914.14
19/03/2015	420	400	420	400	24357400	9	196764	1556400	60570	870.61
20/03/2015	400	405	410	400	6374400	8	201063	1555810	15811	881.5
23/03/2015	405	400	420	400	5906900	3	226153	2544930	14750	870.61
24/03/2015	400	405	420	400	12279700	7	137349	2548190	30270	881.5
25/03/2015	405	405	420	400	62196250	47	17394	1036000	154290	881.5
26/03/2015	405	400	405	400	13916405	34	0	1063000	34791	870.61
27/03/2015	400	400	400	400	8524000	25	2	2595450	21310	870.61
30/03/2015	400	400	400	400	1756000	6	0	1609930	4390	870.61
31/03/2015	400	400	400	400	992000	8	6	1610350	2480	870.61
01/04/2015	400	400	400	395	7303750	22	0	1623913	18350	870.61
02/04/2015	400	400	400	400	1899410000	51	77090	21720	4748525	870.61
08/04/2015	400	400	400	400	8620800	4	203124	20000	21552	870.61
09/04/2015	400	400	420	400	14830750	17	157580	28220	36998	870.61
10/04/2015	400	405	420	400	6361090	15	229262	27900	15666	881.5
13/04/2015	405	410	420	410	9686800	7	300295	501726	23580	892.38
14/04/2015	410	440	455	405	40293275	12	243625	451930	91805	957.67
15/04/2015	440	420	440	405	22938050	21	249004	585435	54570	914.14
16/04/2015	420	415	440	405	26237360	25	210025	488692	62847	903.26
17/04/2015	415	415	420	410	3032675	9	199900	484942	7280	903.26
20/04/2015	415	420	420	420	41651400	34	135330	465532	99170	914.14
21/04/2015	420	415	420	400	8337955	32	160950	27102	20104	903.26
22/04/2015	415	415	420	405	4589355	19	69295	45903	11105	903.26
23/04/2015	415	420	420	410	30817850	20	184745	264825	73645	914.14
24/04/2015	420	415	420	415	50220960	17	417318	267708	121003	903.26
27/04/2015	415	415	420	410	55526090	29	359957	269498	133839	903.26
28/04/2015	415	415	420	410	543478960	35	304292	218776	1308998	903.26
29/04/2015	415	410	415	410	24526355	20	270940	216291	59492	892.38
30/04/2015	410	415	415	415	116768550	23	163530	0	281370	903.26
04/05/2015	415	420	420	420	247800	2	389284	277885	590	914.14
05/05/2015	420	415	420	415	2556016790	39	375909	285870	6086787	903.26
06/05/2015	415	420	420	415	5497373885	22	369590	271021	13124829	914.14
07/05/2015	420	415	420	410	3863783575	28	118407	221023	9202310	903.26
08/05/2015	415	420	420	415	13441245	3	155198	221023	32003	914.14
11/05/2015	420	420	420	415	5957860	18	126364	203600	14233	914.14
12/05/2015	420	420	420	415	494234975	48	38523	62000	1176750	914.14
13/05/2015	420	420	420	415	147468275	26	78111	261600	351115	914.14
14/05/2015	420	420	420	415	323419735	19	60250	261600	770047	914.14
15/05/2015	420	420	420	420	33209820	20	312187	261600	79071	914.14
18/05/2015	420	420	430	420	1916500	4	335747	1053500	4550	914.14
19/05/2015	420	420	430	420	31939470	15	99632	993850	75964	914.14
20/05/2015	420	420	425	420	154901110	39	508401	819050	368798	914.14
21/05/2015	420	420	420	420	66942120	11	667725	819050	159386	914.14
22/05/2015	420	425	430	420	178895730	17	850851	1626070	421749	925.03
25/05/2015	425	420	425	420	8763145	24	1451440	916020	20750	914.14
26/05/2015	420	420	425	420	58387400	28	1560854	952020	138340	914.14
27/05/2015	420	425	425	420	334887910	44	1317249	11900	790293	925.03
28/05/2015	425	425	430	425	4937700	13	2424192	4451	11552	925.03
29/05/2015	425	430	430	420	14348050	18	2267876	0	33426	935.91
01/06/2015	430	435	435	430	692520	5	2704474	302000	1599	946.79
02/06/2015	435	430	430	425	69890025	24	1666570	2000	162535	935.91
03/06/2015	430	430	440	430	35380700	30	1276299	26470	82090	935.91
04/06/2015	430	435	460	430	6393950	15	1008679	123120	14660	946.79
05/06/2015	435	440	440	435	39145835	26	1463763	892458	89155	957.67
08/06/2015	440	440	440	440	1610840	6	1454336	806050	3661	957.67
09/06/2015	440	440	445	440	978166000	26	1921256	806050	2223025	957.67
10/06/2015	440	445	445	445	7249050	8	1907715	813159	16290	968.56
11/06/2015	445	450	450	445	75057210	50	1909904	872881	166794	979.44
12/06/2015	450	455	455	450	15307300	16	1493333	131750	33762	990.32
15/06/2015	455	450	455	450	7202500	10	1043911	159750	16000	979.44
16/06/2015	450	455	455	450	39494695	41	1009030	32571	87154	990.32
17/06/2015	455	455	455	455	59318350	20	1007922	40216	130370	990.32
18/06/2105	455	455	460	450	21317180	34	45990	3000	46854	990.32
19/06/2015	455	455	455	450	300449900	16	12546	3000	661600	990.32
22/06/2015	455	440	455	430	10861530	28	11	197030	24605	957.67
23/06/2015	440	430	450	420	2247998680	76	7	417963	5169875	935.91
24/06/2015	430	420	420	420	5245800	6	7	408343	12490	914.14
25/06/2015	420	420	430	420	155694070	26	0	516093	370700	914.14
26/06/2015	420	420	420	420	1512000	10	283	1614393	3600	914.14
29/06/2015	420	410	420	410	1010800	10	2662	2195328	2465	892.38
30/06/2015	410	400	410	400	263408310	53	4	1189455	658130	870.61
01/07/2015	400	410	410	400	1714987850	23	0	0	4184700	892.38
02/06/2015	410	400	405	400	1360829750	25	4722	464500	3327062	870.61
03/07/2015	400	410	410	400	1551042190	30	27452	438280	3785459	892.38
06/07/2015	410	400	410	400	148671740	29	50401	128900	371679	870.61
08/07/2015	400	400	410	400	5468010	17	129727	150390	13670	870.61
09/07/2015	400	405	410	400	32514900	22	256222	158430	80671	881.5
10/07/2015	405	400	405	400	64294000	29	216987	561430	160535	870.61
13/07/2015	400	400	400	400	2834269700	32	100007	80000	6921900	870.61
14/07/2015	400	400	400	400	307200000	32	100648	80000	768000	870.61
15/07/2015	400	400	405	400	164554320	35	96927	160460	411379	870.61
16/07/2015	400	400	405	400	75392950	29	157440	80460	188477	870.61
17/07/2015	400	400	410	400	65564850	26	101335	114080	163700	870.61
20/07/2015	400	400	405	400	69821815	52	10310	173720	174550	870.61
21/07/2015	400	400	405	400	57278150	18	10310	221007	143120	870.61
22/07/2015	400	400	400	390	909757300	26	17157	45690	2278385	870.61
23/07/2015	400	400	400	395	9504350	19	2	325590	23775	870.61
24/07/2015	400	400	400	400	7240000	8	45791	294450	18100	870.61
27/07/2015	400	395	400	395	24788300	44	89981	356240	62612	859.73
28/07/2015	395	395	400	395	50656970	59	10390	369372	128138	859.73
29/07/2015	395	395	400	395	121722700	21	55115	268020	308117	859.73
30/07/2015	395	395	400	395	21634400	14	19155	131900	54730	859.73
31/07/2015	395	395	400	395	68759775	16	0	0	174075	859.73
03/08/2015	395	390	395	390	24428230	24	5601	193620	62614	848.85
04/08/2015	390	395	395	380	15292280	15	3210865	731516	38776	859.73
05/08/2015	395	400	400	395	410511970	87	164432	36000	1026477	870.61
06/08/2015	400	400	400	395	40917975	16	115063	129040	102295	870.61
07/08/2015	400	400	400	400	6501600	5	175510	93040	16254	870.61
10/08/2015	400	405	405	400	2250400	8	173571	146465	5576	881.5
11/08/2015	405	400	405	400	64300175	57	114217	93040	160569	870.61
12/08/2015	400	400	400	400	246681600	31	47201	100240	616704	870.61
13/08/2015	400	405	405	400	1255750	6	1047417	107200	3105	881.5
14/08/2015	405	405	405	400	129913600	94	1050890	61200	321765	881.5
17/08/2015	405	400	405	400	49842190	27	990390	52420	123893	870.61
18/08/2015	400	400	405	400	93333755	49	723864	13040	233291	870.61
19/08/2015	400	450	450	400	60787400	12	1608456	13020	151826	979.44
20/08/2015	450	405	405	405	2655990	12	1177360	49320	6558	881.5
21/08/2015	405	405	405	400	23048265	18	1351598	61942	56923	881.5
24/08/2015	405	405	410	405	754638085	20	2013014	49020	1863077	881.5
25/08/2015	405	400	405	400	2277691715	88	2003	157400	5688251	870.61
26/08/2015	400	400	405	400	65241025	25	118769	126503	162185	870.61
27/08/2015	400	400	405	400	5600100	20	122442	152100	13990	870.61
28/08/2015	400	400	405	400	220798195	112	35385	176730	551987	870.61
31/08/2015	400	400	400	400	102312000	23	113171	523840	255780	870.61
01/09/2015	400	395	400	395	1349133950	31	31712	543433	3415315	859.73
02/09/2015	395	395	400	390	13582340	42	136520	990256	34414	859.73
03/09/2015	395	395	400	395	20394890	19	159520	1106320	51612	859.73
04/09/2015	395	400	400	390	66318820	42	126475	923104	166515	870.61
07/09/2015	400	390	395	390	33649730	26	104970	878370	86279	848.85
08/09/2015	390	390	395	390	131759050	31	118810	788430	337840	848.85
09/09/2015	390	390	390	390	753420720	25	27412	470560	1931848	848.85
10/09/2015	390	390	390	390	41169180	25	37300	500860	105562	848.85
11/09/2015	390	385	390	385	11026900	11	25160	696640	28580	837.96
14/09/2015	385	385	390	385	11723685	47	17615	535380	30287	837.96
15/09/2015	385	385	390	385	9435305	27	11992	517350	24393	837.96
16/09/2015	385	380	385	380	116657645	29	3395	578945	306910	827.08
17/09/2015	380	380	380	380	211091900	16	2000	569432	555505	827.08
18/09/2015	380	380	380	380	5432860	11	25420	583475	14297	827.08
21/09/2015	380	380	380	370	38074300	25	119023	808751	100845	827.08
22 seep 15	380	380	380	370	391732825	40	137459	673358	1036635	827.08
23/09/2015	380	375	375	375	19286250	9	163599	1665463	51430	816.2
25/09/2015	375	370	375	370	37160175	25	153587	1719483	100095	805.32
28/09/2015	370	370	375	365	1615435225	39	128081	0	4366073	805.32
29/09/2015	370	365	370	365	44375730	50	35229	99500	121502	953.32
30/09/2015	365	365	370	350	38091250	73	461352	106580	104354	953.32
01/10/2015	365	370	370	365	697515880	32	614243	10765	1885955	966.38
02/10/2015	370	370	370	370	162610560	17	678012	27820	439488	966.38
05/09/2015	370	370	370	370	9590400	9	682382	33300	25920	966.38
06/10/2015	370	370	370	370	9163050	23	687737	424760	24765	966.38
07/10/2015	370	370	370	365	1902208230	51	162403	64560	5144189	966.38
08/10/2015	370	370	370	370	3471813230	48	4407	24560	9383279	966.38
09/10/2015	370	370	370	370	3451730	11	107685	11466	9329	966.38
12/10/2015	370	370	370	370	2091714340	18	491687	70790	5653282	966.38
13/10/2015	370	370	370	370	440756210	31	488625	18229	1191233	966.38
15/10/2015	370	370	370	370	18131480	6	466303	25665	49004	966.38
16/10/2015	370	370	375	370	940189350	37	84121	25260	2540501	966.38
19/10/2015	370	370	370	365	74291120	56	138724	91618	200946	966.38
20/10/2015	370	370	375	365	51780820	26	141540	7440	139986	966.38
21/10/2015	370	375	375	370	25685125	17	336691	7445	68497	979.44
22/10/2015	375	375	380	375	11841025	11	299313	36540	31555	979.44
23/10/2015	375	375	375	375	31066875	15	702168	5	82845	979.44
26/10/2015	375	380	380	370	11227660	26	775405	20962	29547	992.5
27/10/2015	380	385	385	380	25000760	8	726279	24960	65002	1005.56
28/10/2015	385	385	385	385	34694660	20	568456	24960	90116	1005.56
29/10/2015	385	385	385	385	15160530	21	551732	43180	39378	1005.56
30/10/2015	385	385	390	385	17530200	13	485316	27810	45430	1005.56
02/11/2015	385	395	405	390	54247900	35	589895	48190	137890	1031.68
03/11/2015	395	405	405	400	53413870	20	1439834	61211	132059	1057.79
04/11/2015	405	405	410	405	110198080	26	623661	41210	270751	1057.79
06/11/2015	405	410	410	410	122710950	12	343557	28190	299295	1070.85
09/11/2015	410	420	420	410	90159450	11	357437	29690	214780	1096.97
10/11/2015	420	415	420	410	56965850	16	161432	0	137120	1083.91
11/11/2015	415	420	420	420	828250500	8	178743	2500	1972025	1096.97
12/11/2015	420	420	420	415	1078125465	60	157841	119658	2567261	1096.97
13/11/2015	420	410	420	410	32429325	40	51061	330735	78835	1070.85
16/11/2015	410	415	420	415	10136000	23	90562	277535	24420	1083.91
17/11/2015	415	410	415	410	15499930	24	26222	372060	37782	1070.85
18/11/2015	410	415	415	405	819134045	49	1212	413350	1976043	1083.91
19/11/2015	415	415	415	400	80093375	48	320	381185	193317	1083.91
20/11/2015	415	410	410	410	14975250	41	3120	363515	36525	1070.85
23/11/2015	410	410	410	400	2645850	14	3380	270620	6468	1070.85
24/11/2015	410	405	410	400	24313750	22	15587	87570	60075	1057.79
25/11/2015	405	400	400	400	13668000	22	20294	355970	34170	1044.74
26/11/2015	400	390	400	390	34026500	47	14420	293817	87135	1018.62
27/11/2015	390	395	400	390	70062080	24	11750	189720	176917	1031.68
30/11/2015	395	400	400	395	19581925	18	26106	308943	49252	1044.74
01/11/2015	400	395	400	395	80163940	35	27393	285244	202189	1031.68
02/12/2015	395	395	400	390	64754825	64	13891	461210	163994	1031.68
03/12/2015	395	400	400	395	185824750	44	22431	92672	466275	1044.74
04/12/2015	400	400	400	400	18678000	21	81761	131335	46695	1044.74
07/12/2015	400	400	400	400	1086413600	42	161441	2081	2716034	1044.74
08/12/2015	400	400	400	400	1762541600	20	662471	4	4406354	1044.74
10/12/2015	400	405	405	400	505546750	18	587560	80285	1249560	1057.79
11/12/2015	405	405	405	400	362476420	35	22690	9	898606	1057.79
14/12/2015	405	405	405	400	5170405	10	115974	130590	12779	1057.79
15/12/2015	405	400	405	400	47563725	32	0	0	117835	1044.74
16/12/2015	400	400	405	400	34037325	24	351688	191007	84895	1044.74
17/12/2015	400	400	405	400	67947215	17	229020	125622	169423	1044.74
18/12/2015	400	405	405	405	43013430	27	530010	77222	106206	1057.79
21/12/2015	405	400	405	400	31942400	17	502888	97282	79620	1044.74
22/12/2015	400	400	405	400	117332460	21	720510	72922	293292	1044.74
23/12/2015	400	400	405	400	13180500	11	699370	51082	32930	1044.74
28/12/2015	400	400	400	400	42592000	33	67514	0	106480	1044.74
29/12/2015	400	400	405	400	56664050	29	236245	74447	141658	1044.74
30/12/2015	400	405	405	405	855313830	29	531440	74445	2111886	1057.79
31/12/2015	405	405	405	400	35120825	14	452310	74445	87245	1057.79
05/01/2016	400	400	405	400	7208600	9	623736	228157	18012	1044.74
06/01/2016	400	405	405	400	1203940060	62	798766	179561	2973942	1057.79
07/01/2016	405	405	405	400	21566275	33	547780	179568	53491	1057.79
08/01/2016	405	405	405	400	48012900	21	345540	174566	118962	1057.79
11/01/2016	405	400	405	400	864249635	66	1651264	58220	2160439	1044.74
13/01/2016	400	400	405	400	334432750	19	1418459	85265	835890	1044.74
14/01/2016	400	400	405	400	609323950	31	2175177	93770	1523238	1044.74
15/01/2016	400	400	405	400	3272790350	42	290543	74447	8179995	1044.74
18/01/2016	400	400	405	400	9187675	25	100470	349045	22890	1044.74
19/01/2016	400	400	405	400	2200193915	41	0	519005	5500445	1044.74
20/01/2016	400	400	400	400	9848000	34	8	475975	24620	1044.74
21/01/2016	400	395	400	395	636241350	30	0	1565635	1610605	1031.68
22/01/2016	395	395	400	395	280803350	17	27670	866987	710573	1031.68
25/01/2016	395	395	400	395	17498750	32	1810	751167	44270	1031.68
26/01/2016	395	395	395	395	10250250	14	1817	605422	25950	1031.68
27/01/2016	395	395	400	395	70982725	33	2001818	259055	179051	1031.68
28/01/2016	395	395	400	395	43299475	15	2004323	248125	109335	1031.68
29/01/2016	395	395	395	395	17893500	13	2057703	107195	45300	1031.68
02/02/2016	395	400	405	395	578378955	74	130255	240979	1446529	1044.74
04/02/2016	400	395	400	395	22832495	28	176162	677759	57762	1031.68
05/02/2016	395	400	400	395	2352816350	54	176122	390511	5882059	1044.74
08/02/2016	400	400	405	395	92199920	18	348343	162510	230488	1044.74
09/02/2016	400	400	400	395	227626250	69	584298	99440	571136	1044.74
10/02/2016	400	400	405	395	4597281250	52	86839	155440	11493310	1044.74
11/02/2016	400	400	405	400	169388400	20	86839	275249	422236	1044.74
12/02/2016	400	400	400	395	88371500	34	12	260840	221135	1044.74
15/02/2016	400	400	400	395	85797875	20	2114	258480	214602	1044.74
16/02/2016	400	395	400	395	22972125	17	509	452390	58132	1031.68
17/02/2016	395	395	400	395	89128480	23	575600	463910	225634	1031.68
18/02/2016	395	400	400	395	4444200	13	590349	559674	11173	1044.74
19/02/2016	400	395	400	395	60259420	25	449513	248770	152518	1031.68
22/02/2016	395	400	400	395	25072450	16	3040	104873	62820	1044.74
23/02/2016	400	400	400	395	1104023685	26	484560	180355	2760309	1044.74
24/02/2016	400	395	400	395	8847300	7	479550	268425	22310	1031.68
25/02/2016	395	400	400	400	1360332800	7	480050	276118	3400832	1044.74
26/02/2016	400	400	400	395	1896250	7	10798	266095	4751	1044.74
29/02/2016	400	395	400	395	8298500	15	520008	81555	21000	1031.68
01/03/2016	395	400	400	395	551047075	44	86695	47783	1384315	1044.74
02/03/2016	400	400	400	395	1021965740	19	300008	308775	2555998	1044.74
03/03/2016	400	400	400	395	7206650	18	386002	3315	18121	1044.74
04/03/2016	400	395	400	395	203701225	65	117160	216475	513272	1031.68
07/03/2016	395	395	400	395	15642575	25	107355	718520	39560	1031.68
08/03/2016	395	395	400	395	24287300	16	48499	714890	61465	1031.68
09/03/2016	395	400	400	395	382023925	30	40820	92077	955189	1044.74
10/03/2016	400	395	400	395	19255875	15	33995	147587	48475	1031.68
11/03/2016	395	395	400	395	7792625	13	76261	68282	19640	1031.68
14/03/2016	395	395	400	395	37282900	26	0	62980	94197	1031.68
15/03/2016	395	395	400	395	3101840	8	50003	390170	7822	1031.68
16/03/2016	395	395	395	390	11665140	19	100240	387470	29552	1031.68
17/03/2016	395	390	395	390	7561150	9	32240	417880	19370	1018.62
18/03/2016	390	390	395	390	17511585	16	5040	87035	44703	1018.62
21/03/2016	390	390	400	390	16681265	30	38851	113910	42626	1018.62
22/03/2016	390	390	395	390	15194795	13	50030	162545	38961	1018.62
23/03/2016	390	390	390	390	865800	9	51890	532685	2220	1018.62
24/03/2016	390	390	390	390	26296530	20	51890	546928	67427	1018.62
29/03/2016	390	390	390	390	374400	7	500	469985	960	1018.62
30/03/2016	390	390	390	390	5137470	18	163872	541745	13173	1018.62
31/03/2016	390	390	390	385	99024430	18	85020	354713	255212	1018.62
01/04/2016	390	390	395	385	13226395	22	1	581710	33945	1018.62
04/04/2016	390	385	390	380	66168670	44	35754	595888	171953	1005.56
05/04/2016	385	385	390	380	10235115	18	30621	552458	26626	1005.56
06/04/2016	385	385	385	380	3107650	11	30221	262200	8090	1005.56
08/04/2016	385	380	380	380	7223800	12	1008	327850	19010	992.5
11/04/2016	380	380	380	380	21310400	22	11000	420230	56080	992.5
12/04/2016	380	375	385	375	42804585	23	11000	342097	113771	979.44
13/04/2016	375	375	380	375	12791075	24	10169	322110	34007	979.44
14/04/2016	375	375	375	375	32767875	17	620	487374	87381	979.44
19/04/2016	375	375	380	375	63618300	30	20598	397010	169634	979.44
20/04/2016	375	375	380	375	5656250	4	6778	439340	15080	979.44
21/04/2016	375	375	380	370	189420160	42	234060	449705	505115	979.44
22/04/2016	375	375	380	375	264126925	18	397360	374025	704331	979.44
25/04/2016	375	380	380	375	163752755	30	452821	42525	431887	992.5
27/04/2016	380	385	385	385	33125400	14	422200	176834	86040	1005.56
28/04/2016	385	385	390	380	89285840	18	759450	134080	233214	1005.56
29/04/2016	385	390	390	385	2000800	10	607181	189830	5150	1018.62
02/05/2016	390	380	385	375	85731365	52	3	317040	225438	992.5
03/05/2016	380	385	385	380	174477060	32	47492	32380	454577	1005.56
04/05/2016	385	385	390	380	26159310	21	21030	26023	68342	1005.56
05/05/2016	385	375	380	375	53262015	22	126230	59610	141933	979.44
06/05/2016	375	380	380	375	24339925	16	101560	0	64395	992.5
09/05/2016	380	380	380	380	11719200	5	411025	25350	30840	992.5
10/05/2016	380	380	380	380	29886240	32	79635	25350	78648	992.5
11/05/2016	380	380	400	380	466695800	14	29115	77530	1227525	992.5
12/05/2016	380	385	390	380	8036450	13	30150	92530	20925	1005.56
13/05/2016	385	385	385	385	18861920	13	576260	52807	48992	1005.56
16/05/2016	385	385	400	385	49667645	9	496926	32430	128727	1005.56
17/05/2016	385	380	395	380	914777250	34	51	32430	2406395	992.5
18/05/2016	380	380	385	380	2759580	12	50	323358	7226	992.5
19/05/2016	380	380	380	375	5755320	13	25740	349535	15210	992.5
20/05/2016	380	375	380	375	16881700	18	14604	294544	44792	979.44
23/05/2016	375	380	385	375	13987220	27	4	32490	36852	992.5
24/05/2016	380	380	380	370	2514650	14	25654	62320	6635	992.5
25/05/2016	380	380	380	370	4092820	12	25290	477921	10784	992.5
26/05/2016	380	380	380	375	305484240	16	25290	612373	804278	992.5
27/05/2016	380	370	375	370	3241000	8	117	560743	8740	966.38
30/05/2016	370	370	380	370	7464160	13	8	858400	20170	966.38
31/05/2016	370	370	370	370	3226400	14	4	1289540	8720	966.38
01/06/2016	370	370	370	370	114700	3	9	1304270	310	966.38
02/06/2016	370	370	370	370	4247600	14	2	1192790	11480	966.38
03/06/2016	370	370	370	370	9673650	22	20001	1142940	26145	966.38
06/06/2016	370	370	370	370	7163940	15	25001	1092200	19362	966.38
07/06/2016	370	370	370	370	222000	1	25001	1099750	600	966.38
08/06/2016	370	365	370	350	10719200	24	2	578610	29260	953.32
09/06/2016	365	355	370	350	5906020	31	4875	1477760	16596	927.2
10/06/2016	355	355	370	350	1230850	8	2700	1137740	3460	927.2
13/06/2016	355	355	365	355	886450	10	2450	1168710	2490	927.2
14/06/2016	355	350	350	350	5848500	2	10	469562	16710	914.14
15/06/2014	350	345	350	320	4882300	12	52	541827	14120	901.08
16/06/2016	345	340	355	320	955306450	49	344	744796	2695730	888.03
17/06/2016	340	350	350	340	939500	8	3308	2738803	2690	914.14
20/06/2016	350	320	355	320	1141225	19	0	2968008	3543	835.79
21/06/2016	320	320	345	320	16208530	18	0	2922630	50639	835.79
23/06/2016	320	320	320	320	12457600	6	5000	1226108	38930	835.79
24/06/2016	320	320	320	320	1264320	31	5000	2214733	3951	835.79
27/06/2016	320	320	320	320	4304000	12	5000	2311405	13450	835.79
28/06/2016	320	310	310	310	12722400	10	6	2249675	41040	809.67
29/06/2016	310	310	310	290	34428860	17	10000	660666	111706	809.67
30/06/2016	310	310	310	310	1077511640	48	11534	2385325	3475844	809.67
01/07/2016	310	300	310	300	10171990	18	10006	3060245	33847	783.55
04/07/2016	300	300	300	300	2770500	25	0	3387706	9235	783.55
05/07/2016	300	295	300	295	3169000	3	505	3111308	10730	770.49
08/07/2016	295	300	300	290	255588995	43	16934	955938	852077	783.55
11/07/2016	300	295	300	290	207308640	39	25645	1670493	702775	770.49
12/07/2016	295	290	295	290	1498500	11	10005	1767657	5150	757.43
13/07/2016	290	285	295	270	77482585	36	86820	1437865	269985	744.37
14/07/2016	285	290	290	285	267436200	31	259870	1397738	922280	757.43
15/07/2016	290	290	295	290	5020550	7	319850	50148	17295	757.43
18/07/2016	290	290	300	290	90966100	38	111470	89377	312370	757.43
19/07/2016	290	290	290	290	24248060	31	118122	221690	83614	757.43
20/07/2016	290	290	310	290	143324720	14	66667	8764	493866	757.43
21/07/2016	290	290	295	290	66407000	19	140781	23310	227295	757.43
22/07/2016	290	300	300	300	2604000	4	539431	18315	8680	783.55
25/07/2016	300	300	300	295	32719810	40	123348	276935	109208	783.55
26/07/2016	300	295	300	295	25498800	11	200760	120000	86322	770.49
27/07/2016	295	295	300	295	83394225	37	144065	131996	282595	770.49
28/07/2016	295	295	300	295	40165650	13	277600	126994	136070	770.49
29/07/2016	295	295	300	295	44296895	12	0	0	149151	770.49
01/08/2016	295	295	300	295	124389180	152	127686	774354	421658	770.49
02/08/2016	295	295	295	290	73285830	39	102825	561920	248774	770.49
03/08/2016	295	290	290	290	5739100	9	10515	557160	19790	757.43
04/08/2016	290	290	290	290	10219600	12	113520	637160	35240	757.43
05/08/2016	290	295	295	290	179905230	22	229544	110	610404	770.49
09/08/2016	295	295	300	295	5454535	6	258371	57924	18473	770.49
10/08/2016	295	295	295	295	50536450	14	356327	63140	171310	770.49
11/08/2016	295	295	295	295	83828675	15	406447	63140	284165	770.49
12/08/2016	295	295	300	295	49432095	14	25790	5224	167511	770.49
15/08/2016	295	295	300	295	13682055	34	169736	61060	47079	770.49
16/08/2016	295	295	295	295	50502820	64	5510	8075	171196	770.49
17/08/2016	295	295	295	295	96603355	12	0	0	327469	770.49
18/08/2016	295	295	300	290	26421405	21	142192	2160	89372	770.49
19/08/2016	295	295	300	295	141762625	30	7	51580	479985	770.49
22/08/2016	295	295	300	295	46820000	18	102189	416310	158340	770.49
23/07/2016	295	295	295	295	1451400	6	101014	461390	4920	770.49
24/08/2016	295	295	295	295	48555820	24	179814	515322	164596	770.49
25/08/2016	295	295	295	295	60532525	15	112012	779742	205195	770.49
26/08/2016	295	295	295	290	3542045	13	10000	306756	12041	770.49
29/08/2016	295	290	295	280	3411650	6	109270	875886	11760	757.43
30/08/2016	290	290	290	280	2110050	10	100000	790891	7330	757.43
31/08/2016	290	290	280	270	5285700	12	96850	487559	18990	757.43
01/09/2016	290	290	280	280	7171920	6	96850	501265	25614	757.43
02/09/2016	290	290	280	270	38961400	29	24836	509470	143950	757.43
05/09/2016	290	290	275	270	11539170	21	42736	754841	42386	757.43
06/09/2016	290	290	275	270	11539170	21	103666	831243	42386	757.43
07/09/2016	290	290	275	270	11539170	21	72390	434544	42386	757.43
08/09/2016	290	290	275	270	4410670	16	72090	434287	16331	757.43
09/09/2016	290	290	275	270	16714830	18	87360	94910	61394	757.43
13/09/2016	290	290	270	260	11655600	15	20000	141620	43250	757.43
14/09/2016	290	290	270	260	12900000	16	74370	92330	48500	757.43
15/09/2016	290	290	260	250	13850260	12	23662	204900	55389	757.43
16/09/2016	290	290	250	250	9650000	27	0	303580	38600	757.43
19/09/2016	290	290	260	250	2502600	2	1990	312880	10010	757.43
20/09/2016	290	275	280	250	539181400	36	50005	9760	1953530	718.26
21/09/2016	275	280	280	250	426252750	18	100144	90623	1526819	731.31
22/09/2016	280	280	270	270	3769200	9	91390	77853	13960	731.31
23/09/2016	280	280	250	250	500	1	75695	77853	2	731.31
26/09/2016	280	280	270	250	19079250	17	69560	438630	73455	731.31
27/09/2016	280	280	260	250	25116060	14	108068	468230	98761	731.31
28/09/2016	280	280	260	250	24768520	21	138140	479358	98802	731.31
29/09/2016	280	250	270	250	130042630	30	172172	311575	497548	652.96
30/09/2016	250	250	260	250	3409300	3	169082	319880	13270	666.02
03/10/2016	250	250	250	250	78063250	16	267481	8310	312253	652.96
04/10/2016	250	250	280	250	40197110	17	132466	96993	158852	652.96
05/10/2016	250	250	260	250	18629500	10	562720	166343	74075	652.96
06/10/2016	250	250	260	250	39870940	23	450019	164963	159394	652.96
07/10/2016	250	250	260	250	1419649030	22	1076777	31240	5673152	652.96
10/10/2016	250	250	250	250	150000	1	1114258	60040	600	652.96
11/10/2016	250	250	260	250	4316800	10	1104820	81483	17020	652.96
12/10/2016	250	250	260	250	35000600	8	1114820	165841	139998	652.96
13 0ct 16	250	250	255	250	31609200	17	1035020	67931	125810	652.96
16/10/2016	250	250	250	250	2233227500	28	0	65360	8932910	652.96
18/10/2016	250	250	250	240	4916750	15	83590	57900	20105	652.96
19/10/2016	250	250	250	240	3534750	23	86660	235479	14395	652.96
20/10/2016	250	250	250	250	300000	3	86660	383339	1200	652.96
21/10/2016	250	250	250	250	103274250	39	77190	55042	413097	652.96
24/10/2016	250	250	250	240	80239460	20	88810	96844	321647	652.96
25 0ct 16	250	250	250	250	5717250	19	25010	183300	22869	652.96
26/10/2016	250	250	250	250	2113500	9	102160	259013	8454	652.96
27/10/2016	250	250	250	245	12261475	11	101800	212279	49085	652.96
28/10/2016	250	250	240	230	11426000	28	10000	244637	48025	652.96
29/10/2016	250	250	240	230	2348000	2	820	569757	10200	652.96
01/11/2016	250	250	230	230	486450	6	0	508252	2115	652.96
02/11/2016	250	250	230	230	4126200	17	7	455499	17940	652.96
03/11/2016	250	250	230	230	1150	1	2	830268	5	652.96
04/11/2016	250	250	230	230	460	2	0	878085	2	652.96
07/11/2016	250	250	230	225	29311750	8	2	627405	128550	652.96
08/11/2016	250	250	225	225	31266000	17	2	537730	138960	652.96
09/11/2016	250	250	225	225	2568945200	20	20000	618903	10292024	652.96
10/11/2016	250	250	225	225	391500	5	20000	252203	1740	652.96
11/11/2016	250	250	225	220	293150	14	22097	244200	1303	652.96
14/11/2016	250	250	225	215	2769850	8	13193	438060	12684	652.96
15/11/2016	250	250	220	215	55534530	22	0	279320	258282	652.96
16/11/2016	250	250	225	215	430050	5	1	603320	2000	652.96
17/11/2016	250	250	225	215	833135	4	0	574940	3875	652.96
18/11/2016	250	250	215	215	1702800	5	0	532045	7920	652.96
21/11/2016	250	250	215	215	227900	3	0	619802	1060	652.96
22/11/2016	250	250	215	215	262300	2	0	615432	1220	652.96
23/11/2016	250	250	215	215	3440	2	0	310220	16	652.96
24/11/2016	250	250	215	215	242090	6	0	726702	1126	652.96
25/11/2016	250	250	215	215	2182465	14	1	996966	10151	652.96
27/11/2016	250	250	215	215	427850	3	6	979306	1990	652.96
29/11/2016	250	250	215	215	35811690	11	0	898783	166566	652.96
30/11/2016	250	250	215	210	1727525	12	0	709950	8035	652.96
01/12/2016	250	250	215	215	939550	4	0	974234	4370	652.96
02/12/2016	250	250	215	215	8765550	5	0	826369	40770	652.96
05/12/2016	250	250	215	215	127925	6	0	1019230	595	652.96
06/12/2016	250	250	215	215	30315	3	0	884884	141	652.96
07/12/2016	250	250	215	215	190920	9	0	839123	888	652.96
08/12/2016	250	250	215	215	6852265	17	0	549098	31871	652.96
13/12/2016	250	250	215	215	48805	3	0	419893	227	652.96
14/12/2016	250	250	215	215	2279000	8	0	960840	10600	652.96
15/11/2016	250	250	215	215	36550	1	0	999999	170	652.96
16/12/2016	250	250	0	0	0	0	0	1011189	0	652.96
19/12/2016	250	250	215	215	7326985	15	0	1081768	34079	652.96
20/12/2016	250	250	215	215	6429360	3	0	1083659	29904	652.96
21/12/2016	250	250	215	215	451500	1	0	850746	2100	652.96
22/12/2016	250	250	215	215	836350	3	0	742208	3890	652.96
23/12/2016	250	250	215	215	25800	2	0	721188	120	652.96
27/12/2016	250	250	215	215	16114895	34	0	554093	74953	652.96
28/12/2016	250	250	215	215	15050	2	0	1177997	70	652.96
29/12/2016	250	250	215	215	390225	3	0	1279922	1815	652.96
30/12/2016	250	250	215	215	28081150	11	0	1454432	130610	652.96
03/01/2017	250	250	0	0	0	0	0	1011189	0	652.96
04/01/2017	250	250	215	215	43000	1	0	817476	200	652.96
05/01/2017	250	250	215	215	2953025	13	0	734371	13735	652.96
06/01/2017	250	215	215	215	347217690	82	0	66090	1614966	561.55
09/01/2017	215	215	215	215	9675	3	29990	174230	45	561.55
10/01/2017	215	215	215	200	1874350	5	24590	548030	9200	561.55
11/01/2017	215	215	205	200	1776000	5	15850	540746	8840	561.55
13/01/2017	215	215	200	200	5167200	14	11473	485745	25836	561.55
16/01/2017	215	215	200	185	410220	11	50000	246655	2055	561.55
17/01/2017	215	215	200	185	518500	2	63570	170305	2780	561.55
18/01/2017	215	215	200	200	2004000	6	63575	201345	10020	561.55
19/01/2017	215	215	200	185	7911600	5	227710	201350	42765	561.55
20/01/2017	215	215	190	185	46584700	32	100360	197696	251750	561.55
23/01/2017	215	215	185	185	27721325	9	0	155451	149845	561.55
24/01/2017	215	215	200	185	34276815	38	0	74322	185280	561.55
25/01/2017	215	215	185	185	5673950	5	0	849340	30670	561.55
26/01/2016	215	215	185	185	146150	1	0	882735	790	561.55
27/01/2017	215	215	185	185	65860	5	0	896504	356	561.55
30/01/2017	215	215	185	185	13236750	6	0	821923	71550	561.55
31/01/2017	215	215	185	185	2979610	6	0	949110	16106	561.55
01/02/2017	215	215	215	185	31877565	10	0	69529	172311	561.55
02/02/2017	215	215	185	185	8179220	20	2530	35069	44212	561.55
03/02/2017	215	215	185	185	26747300	7	0	68414	144580	561.55
06/02/2017	215	215	200	185	16658820	22	0	60574	90012	561.55
07/02/2017	215	215	185	185	1839640	19	0	177160	9944	561.55
08/02/2017	215	215	185	185	20377750	5	0	328250	110150	561.55
09/02/2017	215	215	215	185	5260625	5	0	329795	28435	561.55
10/02/2017	215	215	185	185	6450025	9	2	308955	34865	561.55
13/02/2017	215	215	185	185	2749100	2	2	302675	14860	561.55
14/02/2017	215	215	185	185	6206750	7	2	633485	33550	561.55
15/02/2017	215	215	185	185	681355	9	5	576970	3683	561.55
16/02/2017	215	215	185	185	320050	5	0	693960	1730	561.55
17/02/2017	215	215	185	185	6561950	11	0	716605	35470	561.55
20/02/2017	215	215	185	185	155400	2	0	740501	840	561.55
21/02/2017	215	185	185	185	55500000	6	0	348701	300000	483.19
22/02/2017	185	185	185	180	7225900	13	20770	734296	40080	483.19
23/02/2017	185	185	180	180	1616400	2	42790	734296	8980	483.19
24/02/2017	185	185	180	165	6745800	15	20770	734031	37560	483.19
27/02/2017	185	185	180	160	20326300	8	88020	624800	120660	483.19
28/02/2017	185	185	180	180	675360	2	109798	530119	3752	483.19
01/03/2017	185	185	165	165	1617000	9	100796	166285	9800	483.19
02/03/2017	185	185	175	165	5719550	18	101075	652372	34660	483.19
03/03/2017	185	185	165	160	5265050	5	101370	622842	31970	483.19
06/03/2017	185	185	165	160	17677085	25	0	455456	110476	483.19
07/03/2017	185	185	160	160	1740800	7	0	462932	10880	483.19
08/03/2017	185	185	160	160	28034400	14	6210	294436	175215	483.19
09/03/2017	185	185	165	160	19931000	7	0	197345	124550	483.19
10/03/2017	185	185	165	160	116300	2	0	211680	705	483.19
13/03/2017	185	185	160	160	3832320	16	2640	224140	23952	483.19
14/03/2017	185	185	160	160	427200	2	0	206800	2670	483.19
15/03/2017	185	185	160	160	2952000	8	2	214190	18450	483.19
16/03/2017	185	185	160	160	9813920	14	0	35570	61337	483.19
17/03/2017	185	185	160	160	2604800	8	14900	21800	16280	483.19
20/03/2017	185	185	160	160	26328800	24	8670	7876	164555	483.19
21/03/2017	185	185	160	160	11520000	12	97440	7876	72000	483.19
22/03/2017	185	185	165	160	19855545	12	2	49185	124097	483.19
23/03/2017	185	185	160	160	16658880	9	4	37585	104118	483.19
24/03/2017	185	185	165	160	18497115	12	1712	27040	115604	483.19
27/03/2017	185	185	160	160	10228000	17	108507	45790	63925	483.19
28/03/2017	185	185	160	160	5120000	1	77372	53115	32000	483.19
29/03/2017	185	185	165	160	396360	4	75958	27975	2446	483.19
30/03/2017	185	185	160	160	12352000	23	7	189545	77200	483.19
31/03/2017	185	185	160	160	29516000	9	30000	27925	184475	483.19
03/04/2017	185	185	160	160	10455520	20	42143	50945	65347	483.19
04/04/2017	185	185	160	160	7212160	14	3	43620	45076	483.19
05/04/2017	185	185	160	160	17032000	7	3	71660	106450	483.19
06/04/2017	185	185	165	160	22229000	10	2407	42620	138900	483.19
10/04/2017	185	185	165	160	3385600	5	143747	0	20535	483.19
11/04/2017	185	185	165	160	6952625	6	224909	57020	43395	483.19
12/04/2017	185	185	170	165	15172960	16	1807488	41900	91684	483.19
18/04/2017	185	185	170	165	4749700	13	63990	3	28000	483.19
19/04/2017	185	185	170	170	8480110	14	156806	0	49883	483.19
20/04/2017	185	185	170	170	12085130	8	395120	9890	71089	483.19
21/04/2017	185	185	175	170	23901870	12	278469	73276	140011	483.19
24/04/2017	185	185	175	170	22940970	10	238228	11360	132241	483.19
25/04/2017	185	185	185	170	635290	5	296005	34680	3630	483.19
27/04/2017	185	185	185	185	1190587850	15	171317	0	6435610	483.19
28 aprl 17	185	185	185	180	22446500	14	235576	35140	124290	483.19
02/05/2017	185	185	185	175	8366455	17	187340	35140	47808	483.19
03/05/2017	185	185	185	180	2166650	10	344880	228980	11890	483.19
04/05/2017	185	185	180	180	1008000	5	298125	228980	5600	483.19
05/05/2017	185	185	180	180	24384960	10	207110	429798	135472	483.19
08/05/2017	185	180	180	175	87608075	25	546330	9133	487460	470.13
09/05/2017	180	180	185	180	20060090	5	320544	2	108433	470.13
10/05/2017	180	185	185	185	91232750	50	33989	4006	493150	483.19
11/05/2017	185	185	190	185	23725	3	140349	3881	125	483.19
12/05/2017	185	185	190	185	265810	4	153830	3480	1426	483.19
15/05/2017	185	185	190	185	851175	5	674650	0	4505	483.19
16/05/2017	185	185	190	185	10496700	20	776840	30970	56430	483.19
17/05/2017	185	185	190	190	24700	3	758963	30840	130	483.19
18/05/2017	185	185	190	190	38380	2	694911	30640	202	483.19
19/05/2017	185	185	190	190	4982560	14	706801	57840	26224	483.19
22/05/2017	185	200	200	185	257158985	23	171640	6179	1290411	522.37
23/05/2017	200	200	0	0	0	0	39530	174969	0	522.37
24/05/2017	200	200	190	185	760740	2	40330	187965	4004	522.37
25/05/2017	200	200	200	190	34643900	18	202010	57487	182230	522.37
26/05/2017	200	190	200	190	55968700	12	29230	88267	294570	496.25
29/05/2017	190	190	190	185	36087200	31	126570	191922	192130	496.25
30/05/2017	190	190	185	185	14590580	10	85272	154692	78868	496.25
31/05/2017	190	190	190	190	385130	5	86796	165725	2027	496.25
01/06/2017	190	190	190	185	15703860	42	64060	136200	84783	496.25
02/06/2017	190	190	190	185	10134865	10	81480	106496	53529	496.25
05/06/2017	190	190	190	180	6117035	10	61020	347890	33141	496.25
06/06/2017	190	190	185	180	139100	2	23280	635560	770	496.25
07/06/2017	190	190	185	170	5005500	13	0	698805	28560	496.25
08/06/2017	190	190	180	170	903600	8	3	693990	5315	496.25
09/06/2017	190	190	180	170	872640	4	0	680842	5133	496.25
12/06/2017	190	170	170	170	47646920	28	94404	500562	280276	444.01
13/06/2017	170	170	180	170	7479460	9	174761	419482	43818	444.01
14/06/2017	170	170	180	170	23112710	18	51410	203012	135905	444.01
15/06/2017	170	170	180	170	1326070	15	67126	211631	7731	444.01
16/06/2017	170	170	170	170	21642020	26	7300	309035	127306	444.01
19/06/2017	170	170	170	170	32984420	12	132690	143640	194026	444.01
20/06/2017	170	170	180	170	11072300	4	571100	85790	65130	444.01
21/06/2017	170	170	175	170	4547750	8	686407	193895	26234	444.01
22/06/2017	170	175	180	175	64755675	33	633029	141865	369461	457.07
23/06/2017	175	175	180	175	14226675	7	500194	247430	81295	457.07
28/06/2017	175	175	180	175	4631665	8	349241	244215	25732	457.07
29/06/2017	175	175	175	175	32730425	23	207520	105584	187031	457.07
30/06/2017	175	175	180	175	11605440	13	395270	0	65172	457.07
03/07/2017	175	180	190	180	65534260	15	513670	202840	363872	470.13
04/07/2017	180	200	200	175	2581638500	30	312090	19468	12922940	522.37
05/07/2017	200	200	200	175	4368675	12	164501	45362	24948	522.37
06/07/2017	200	200	180	175	5608225	16	341630	19709	31311	522.37
10/07/2017	200	200	190	180	2080100	5	474620	517129	11270	522.37
11/07/2017	200	205	205	175	3485132460	41	476218	410200	17043211	535.43
12/07/2017	205	205	195	180	3072750	7	487352	417850	16050	535.43
13/07/2017	205	205	205	205	1314050	7	380086	429370	6410	535.43
14/07/2017	205	205	200	190	2795550	9	444242	451931	14285	535.43
17/07/2017	205	205	200	190	12882000	8	194542	432877	64510	535.43
18/07/2017	205	205	205	190	7107970	13	469020	59029	35807	535.43
19/07/2017	205	195	200	190	95074825	50	472558	118102	481468	509.31
20/07/2017	195	195	200	190	24684000	12	415418	136275	126070	509.31
21/07/2017	195	205	205	195	2257436620	28	388210	13040	11014170	535.43
24/07/2017	205	205	205	200	950250	2	717585	162995	4750	535.43
25/07/2017	205	210	210	200	2134789600	32	388430	32005	10170005	548.49
26/07/2017	210	210	210	200	3702469400	19	625602	5980	17630880	548.49
27/07/2017	210	210	210	210	280776300	8	592380	9453	1337030	548.49
28/07/2017	210	210	210	205	3482513495	22	592020	456400	16583411	548.49
31/07/2017	210	210	210	205	10024900	5	239190	509803	48190	548.49
01/08/2017	210	210	210	205	1606550	13	245860	523368	7830	548.49
02/08/2017	210	210	210	205	26551060	12	13780	6081471	128322	548.49
03/08/2017	210	210	205	200	23052050	15	19320	389296	115230	548.49
04/08/2017	210	210	200	200	751000	6	19320	491049	3755	548.49
07/08/2017	210	200	200	195	150848955	43	92107	50545	756985	522.37
09/08/2017	200	200	200	195	2205735	8	104734	194960	11298	522.37
10/08/2017	200	200	200	195	3298450	4	117864	205176	16910	522.37
11/08/2017	200	200	200	195	65532875	41	12700	131390	330296	522.37
14/08/2017	200	200	195	195	3159000	7	36996	52710	16200	522.37
15/08/2017	200	205	205	195	6205067900	15	31398	3467	30269320	535.43
16/08/2017	205	205	200	195	362800	3	469558	110987	1860	535.43
17/08/2017	205	200	200	190	119026920	28	249162	195077	601593	522.37
18/08/2017	200	200	205	200	58221730	16	251782	191281	290221	522.37
21/08/2017	200	200	210	200	2107255	5	251088	215030	10291	522.37
22/08/2017	200	200	200	200	5374000	8	249788	231270	26870	522.37
23/08/2017	200	200	200	200	2744000	13	248408	391850	13720	522.37
24/08/2017	200	200	200	195	1310050	5	28170	296963	6718	522.37
25/08/2017	200	200	200	195	3455900	3	10710	288433	17685	522.37
28/08/2017	200	200	195	195	2639130	6	8530	734309	13534	522.37
29/08/2017	200	200	215	175	8909286610	19	17519	942459	44547592	522.37
31/08/2017	200	200	190	185	315800	2	16609	1175695	1670	522.37
04/09/2017	200	200	185	175	1017225	13	45464	1148960	5685	522.37
05/09/2017	200	200	185	175	32103220	28	51310	1412547	174834	522.37
06/09/2017	200	200	185	180	1476950	5	92076	973768	8180	522.37
11/09/2017	200	200	180	175	14905350	18	2	1945618	84980	522.37
13/09/2017	200	175	175	170	124675750	17	38602	1582600	712743	457.07
14/09/2017	175	175	175	170	36420810	23	140000	1565110	214240	457.07
15/09/2017	175	175	170	170	6800000	6	146280	1644020	40000	457.07
18/09/2017	175	175	170	170	1886150	13	183270	416480	11095	457.07
19/09/2017	175	175	170	170	3564900	5	289270	213330	20970	457.07
20/09/2017	175	175	175	170	12905500	20	246282	175230	75900	457.07
21/09/2017	175	175	175	170	18119450	6	55072	206450	105670	457.07
22/09/2017	175	175	175	170	13142700	6	15582	246425	76050	457.07
25/09/2017	175	175	175	175	40279750	4	53532	22605	230170	457.07
26/09/2017	175	175	175	170	21777025	17	15722	37647	128095	457.07
27/09/2017	175	175	175	170	6889970	13	77281	18007	40491	457.07
28/09/2017	175	175	170	170	1580830	5	68482	18007	9299	457.07
29/09/2017	175	175	170	170	12621140	6	95740	106001	74242	457.07
02/09/2017	175	175	0	0	0	0	102390	106021	0	457.07
03/09/2017	175	175	175	170	393045	11	176112	124050	2246	457.07
04/10/2017	175	175	175	175	6245225	19	142853	133070	35687	457.07
05/10/2017	175	175	175	170	48925	7	142305	142200	281	457.07
06/10/2018	175	175	175	170	3034275	16	148416	21500	17345	457.07
09/10/2017	175	175	175	170	25865100	13	126058	135280	150072	457.07
10/10/2017	175	175	175	170	1129495	3	193470	128650	6644	457.07
11/10/2017	175	175	175	175	4116000	2	290864	347808	23520	457.07
12/10/2017	175	175	170	170	33410780	14	244830	323790	196534	457.07
13/10/2017	175	175	175	175	843500	2	244930	319740	4820	457.07
16/10/2017	175	175	175	170	140300	4	189342	252516	825	457.07
17/10/2017	175	175	170	170	8961040	7	135630	252506	52712	457.07
18/10/2017	175	175	175	170	12600650	20	70030	353605	73970	457.07
19/10/2017	175	170	175	170	173213530	19	51450	267793	1018074	444.01
20/10/2017	170	170	175	170	11801050	7	51463	460943	69405	444.01
23/10/2017	170	170	170	170	5068720	19	61760	564846	29816	444.01
24/10/2017	170	170	165	165	39600	1	65430	628671	240	444.01
25/10/2017	170	170	170	165	10650570	16	54600	974067	64519	444.01
26/10/2017	170	170	165	165	1155000	2	9790	971377	7000	444.01
27/10/2017	170	170	165	165	1597200	10	13490	766377	9680	444.01
30/10/2017	170	170	0	0	0	0	3700	894175	0	444.01
31/10/2017	170	170	165	160	12581295	14	1060	923932	78273	444.01
01/11/2017	170	165	165	160	382474130	31	2	843730	2321168	430.95
02/11/2017	165	160	160	160	84227840	8	0	397171	526424	
03/11/2017	160	160	160	160	1004800	3	0	499604	6280	417.89
06/11/2017	160	160	160	160	344608960	15	50000	358483	2153806	417.89
07/11/2017	160	160	160	155	818670	8	82477	382723	5272	417.89
08/11/2017	160	160	160	155	134251290	10	142100	24570	839534	417.89
09/11/2017	160	160	160	155	382350	4	223070	172228	2400	417.89
10/11/2017	160	160	155	155	3589800	3	223070	149068	23160	417.89
13/11/2017	160	160	160	155	800699050	12	513250	129709	5004510	417.89
14/11/2017	160	150	160	150	57983540	16	211910	214005	385009	391.78
15/11/2017	150	150	160	160	73600	3	479650	252745	460	391.78
16/11/2017	150	150	155	155	426250	3	508810	249995	2750	391.78
17/11/2017	150	150	155	150	9896145	16	410970	281010	64759	391.78
20/11/2017	150	150	155	150	13209075	12	469120	95490	85220	391.78
23/11/2017	150	150	155	155	62000	1	427610	236314	400	391.78
22/11/2017	150	150	160	155	8059800	13	292030	237964	51990	391.78
23/11/2017	150	150	155	155	31739350	13	689160	62134	204770	391.78
24/11/2017	150	150	155	155	38750	1	687560	93519	250	391.78
27/11/2017	150	150	155	150	5161365	12	681780	99345	33473	391.78
28/11/2017	150	155	155	150	43015580	20	688360	24825	277520	404.83
29/11/2017	155	160	160	155	1121890840	12	1740860	190	7011849	417.89
30/11/2017	160	160	155	155	3216250	3	1692790	190	20750	417.89
04/12/2017	160	160	160	155	1170890180	22	1695783	120000	7318078	417.89
05/12/2017	160	160	165	160	41284570	5	1411742	570095	257187	417.89
06/12/2017	160	160	165	160	9221240	7	413665	702158	57218	417.89
07/12/2017	160	160	160	160	7071200	6	350270	669758	44195	417.89
08/12/2017	160	160	165	160	36836495	10	147839	676320	230033	417.89
11/12/2017	160	160	165	155	2565750	11	1371900	557410	16550	417.89
12/12/2017	160	160	160	160	4375040	20	1404280	250617	27344	417.89
13/12/2017	160	160	160	155	5489950	12	1481380	149881	34757	417.89
14/12/2017	160	160	160	155	6332435	7	1441120	178225	40836	417.89
15/12/2017	160	160	155	155	23215900	11	1315350	138335	149780	417.89
18/12/2017	160	160	160	155	7130900	6	298375	123825	44620	417.89
19/12/2017	160	160	160	160	9396480	13	312087	6900	58728	417.89
20/12/2017	160	160	0	0	0	0	135167	6900	0	417.89
21/12/2017	160	160	160	155	7879660	27	651931	0	49248	417.89
22/12/2017	160	160	165	160	89601480	17	259249	3	559072	417.89
27/12/2017	160	160	160	160	9600000	2	179806	19053	60000	417.89
28/12/2017	160	160	165	160	1233440	4	193722	15053	7584	417.89
29/12/2017	160	160	165	160	823350	2	157773	69820	5110	417.89
03/01/2018	160	160	165	160	3787870	9	422019	47115	22957	417.89
04/01/2018	160	160	165	165	5451600	7	476949	47115	33040	417.89
05/01/2018	160	160	170	165	7251870	8	1234813	46995	43947	417.89
08/01/2018	160	160	170	160	10338905	11	1576820	123825	61352	417.89
09/01/2018	160	160	170	165	7267050	12	1285548	107740	42890	417.89
10/01/2018	160	160	170	170	24877800	7	1549348	39990	146340	417.89
11/01/2018	160	160	170	170	54400	2	1412228	39995	320	417.89
15/01/2018	160	175	175	170	270596750	25	783620	5	1559350	457.07
16/01/2018	175	175	175	170	4586725	8	757410	78151	26210	457.07
17/01/2018	175	175	175	175	15695400	8	573463	798150	89688	457.07
18/01/2018	175	175	175	175	5026525	15	623896	798146	28723	457.07
19/01/2018	175	175	175	175	5818750	6	590646	798146	33250	457.07
22/01/2018	175	175	180	175	3864350	20	153950	898151	21550	457.07
23/01/2018	175	175	185	180	19504760	6	0	0	105582	457.07
24/01/2018	175	185	185	185	189523250	12	848078	107566	1024450	483.19
25/01/2018	185	185	185	180	9217950	8	717923	1217	49845	483.19
26/01/2018	185	185	195	185	3007545	9	748186	3	15507	483.19
29/01/2018	185	185	195	195	5903625	12	724710	455946	30275	483.19
31/01/2018	185	185	195	185	16491410	21	387555	506413	86677	483.19
01/02/2018	185	185	195	190	5157350	12	356913	586878	27135	483.19
02/02/2018	185	195	195	190	1329545150	18	353795	552623	6397560	509.31
05/02/2018	195	200	200	195	136350950	35	348032	12003	686441	522.37
06/02/2018	200	200	200	200	45481600	13	399135	24472	227408	522.37
07/02/2018	200	200	200	200	27000	2	397918	220142	135	522.37
08/02/2018	200	200	205	200	132178100	25	353767	238025	660828	522.37
09/02/2018	200	200	210	200	8716600	14	363035	210142	43083	522.37
12/02/2018	200	200	200	200	4188000	14	351294	257132	20940	522.37
13/02/2018	200	200	200	195	23624705	10	2600	621124	119383	522.37
14/02/2018	200	190	190	190	51787920	25	51219	203716	272568	496.25
15/01/2018	190	200	200	190	898138075	17	226729	2	4491020	522.37
16/02/2018	200	200	200	195	1104434000	31	226729	539012	5522420	522.37
19/02/2018	200	200	200	190	596000	6	233039	647362	2995	522.37
20/02/2018	200	200	200	200	34000	1	233489	722192	170	522.37
21/02/2018	200	200	200	200	300400	2	186010	825090	1502	522.37
22/02/2018	200	200	200	200	102000	3	59842	826780	510	522.37
23/02/2018	200	200	200	190	432986500	37	1006982	45942	2165161	522.37
26/02/2018	200	200	200	190	5278490	17	991277	40980	27442	522.37
27/02/2018	200	200	195	190	2535080	15	995210	17965	13147	522.37
28/02/2018	200	200	200	190	40950	2	995432	12150	205	522.37
01/03/2018	200	200	195	195	14342835	25	1136420	60562	73553	522.37
02/03/2018	200	190	195	190	215146140	34	29000	52161	1130882	496.25
05/03/2018	190	190	190	180	6851090	10	22495	50125	37111	496.25
06/03/2018	190	190	195	190	7555980	18	81600	117828	39749	496.25
07/03/2018	190	190	190	185	36729720	13	49450	187895	197878	496.25
08/03/2018	190	190	185	185	882450	4	51500	162525	4770	496.25
12/03/2018	190	190	180	175	344600	3	103822	239895	1920	496.25
13/03/2018	190	190	180	175	4375885	14	141325	180303	25005	496.25
14/03/2018	190	190	180	175	2177975	8	174889	167890	12225	496.25
15/03/2018	190	170	180	170	196695750	21	371479	39090	1153150	444.01
16/03/2018	170	170	180	180	2785500	7	414659	22380	15475	444.01
19/03/2018	170	170	180	180	2460600	4	1126019	24425	13670	444.01
20/03/2018	170	170	180	180	5094000	10	1280719	20739	28300	444.01
21/03/2018	170	170	195	180	7548920	8	1284309	44113	39629	444.01
22/03/2018	170	170	190	190	570	1	918983	44110	3	444.01
23/03/2018	170	170	190	190	21302610	4	930893	44110	112119	444.01
26/03/2018	170	170	185	185	286750	2	300943	257510	1550	444.01
28/03/2018	170	170	185	180	4325950	8	1608240	275670	23720	444.01
29/03/2018	170	170	180	180	7207740	18	1589730	319983	40043	444.01
03/04/2018	170	170	185	180	38653150	5	1036000	106433	214730	444.01
04/04/2018	170	170	185	180	17817500	20	873071	44510	98942	444.01
03/04/2016	170	170	185	180	678750	8	870731	12550	3750	444.01
06/04/2018	170	170	185	175	2164000	11	1675933	54660	12200	444.01
09/04/2018	170	170	0	0	0	0	1726183	54660	0	444.01
10/04/2018	170	170	185	180	3020115	15	1546195	60147	16678	444.01
11/04/2018	170	170	180	180	709560	8	1014438	85505	3942	444.01
12/04/2018	170	170	180	175	3937800	11	26920	0	21885	444.01
13/04/2018	170	170	180	180	24375780	18	626604	36504	135421	444.01
16/04/2018	170	170	180	180	541800	3	1402074	81176	3010	444.01
17/04/2018	170	170	185	180	1805520	11	402446	82918	9884	444.01
18/04/2018	170	170	180	180	12568140	11	961031	63098	69823	444.01
19/04/2018	170	170	180	175	369610	6	1083589	90838	2112	444.01
20/04/2018	170	170	180	175	9950550	13	1026559	61158	56705	444.01
23/04/2018	170	180	180	175	644976110	24	999988	8025	3584777	470.13
24/04/2018	180	180	170	170	1864900	5	1018523	559440	10970	470.13
25/04/2018	180	180	175	175	2384200	6	113370	659440	13624	470.13
27/04/2018	180	180	175	175	1230250	9	75066	653490	7030	470.13
30/04/2018	180	180	175	170	6379275	14	8848	125680	37525	470.13
02/05/2018	180	180	170	170	31237500	15	8	25680	183750	470.13
03/05/2018	180	180	175	170	3314495	19	100000	121520	19497	470.13
04/05/2018	180	180	170	160	1770040	8	94730	118671	10722	470.13
07/05/2018	180	180	170	160	4038470	9	135784	93240	24901	470.13
08/05/2018	180	180	165	165	603900	4	175720	113248	3660	470.13
09/05/2018	180	180	170	165	19722745	22	115518	63230	117853	470.13
10/05/2018	180	180	170	165	13658000	5	75498	1227996	82540	470.13
11/05/2018	180	180	165	165	5827800	4	101958	1227151	35320	470.13
14/05/2018	180	180	165	165	10371900	5	59348	1226921	62860	470.13
15/05/2018	180	160	170	160	298557420	18	114831	1206746	1865942	417.89
16/05/2018	160	160	165	160	11982160	7	104800	1232040	74801	417.89
17/05/2018	160	160	165	160	64666540	14	1005738	29840	404064	417.89
18/05/2018	160	160	165	165	92400	1	1013826	723950	560	417.89
21/05/2018	160	160	165	150	12811350	25	949106	786390	81660	417.89
22/05/2018	160	160	165	155	13067450	10	982464	728760	81750	417.89
23/05/2018	160	160	165	160	229630	7	1781654	719850	1435	417.89
24/05/2018	160	160	160	155	19283065	23	41530	740850	123187	417.89
25/05/2018	160	160	160	155	2402535	8	4230	38220	15495	417.89
28/05/2018	160	160	160	160	10432000	8	77630	24816	65200	417.89
29/05/2018	160	160	160	155	302017900	14	243950	24818	1887650	417.89
30/05/2018	160	160	160	160	6156800	2	85570	20008	38480	417.89
31/05/2018	160	160	175	165	25199570	4	247800	51335	143998	417.89
01/06/2018	160	160	165	160	8475000	12	295930	4055	52780	417.89
04/06/2018	160	160	0	0	0	0	20730	4055	0	417.89
05/06/2018	160	160	170	170	1426300	2	19970	7555	8390	417.89
06/06/2018	160	160	170	165	1690415	5	12670	111397	10131	417.89
07/06/2018	160	160	175	160	46879650	29	55000	8	292290	417.89
08/06/2018	160	160	0	0	0	0	159730	500004	0	417.89
11/06/2018	160	160	160	160	3723200	12	186220	500003	23270	417.89
12/06/2018	160	160	170	170	715700	3	234450	500009	4210	417.89
13/06/2018	160	160	170	160	4013675	6	282860	500005	23610	417.89
14/06/2018	160	160	0	0	0	0	234790	500005	0	417.89
18/06/2018	160	160	170	170	345100	2	98800	319562	2030	417.89
19/06/2018	160	160	170	160	8153730	17	157770	323558	49269	417.89
20/06/2018	160	160	165	160	165160	2	92741	506211	1001	417.89
