Date 	"Opening Price
(TZS)"	"Closing Price
(TZS)"	High (TZS)	"Low
(TZS)"	"Turnover
(TZS)
"	"Number of 
deals"	"Outstanding
shares bids"	"Outstanding
Offers"	"Number of 
share 
traded
"	"Market Cap 
(TZS) 
Billions"
02/01/2014	2620	2620	2640	2620	14998400	9	44300	30700	5720	1310
03/01/2014	2640	2640	2640	2640	3168000	2	49400	64100	1200	1320
06/01/2014	2640	2640	2640	2620	13859000	9	44600	64100	5250	1320
07/01/2014	2640	2640	2640	2620	11068000	10	41900	67200	4200	1320
08/01/2014	2640	2640	2640	2640	5016000	6	44400	35700	1900	1320
09/01/2014	2640	2640	2660	2640	9743400	12	46500	29700	3690	1320
10/01/2014	2620	2620	2660	2620	10290600	9	42900	64900	3910	1310
15/01/2014	2640	2640	2660	2640	86431800	43	41600	103600	32739	1320
16/01/2014	2640	2640	2640	2640	240683520	16	54800	66100	91168	1320
17/01/2014	2640	2640	2660	2640	16060880	9	100900	66400	6042	1320
20/01/2014	2640	2640	2660	2640	730400	5	100800	32000	276	1320
21/01/2014	2660	2660	2660	2640	79882560	12	93600	36400	30116	1330
22/01/2014	2660	2660	2660	2640	20190300	12	19600	66800	7591	1330
23/01/2014	2660	2660	2660	2640	13277240	13	22400	66100	5014	1330
24/01/2014	2660	2660	2660	2660	31122000	15	32600	66100	11700	1330
27/01/2014	2660	2660	2660	2660	52375400	21	16700	31900	19690	1330
28/01/2014	2660	2660	2660	2660	532000	2	25700	36400	200	1330
29/01/2014	2660	2660	2660	2660	25025280	5	23100	66100	9408	1330
30/01/2014	2660	2660	2660	2660	42028000	6	27800	66100	15800	1330
31/01/2014	2660	2660	2660	2660	11438000	7	22100	64100	4300	1330
03/02/2014	2660	2660	2660	2660	26256860	9	12800	33700	9871	1330
04/02/2014	2660	2660	2660	2660	14105980	9	25200	4000	5303	1330
05/02/2014	2660	2660	2660	2660	24235260	7	13000	68100	9111	1330
06/02/2014	2660	2660	2660	2660	24349640	9	23800	69800	9154	1330
07/02/2014	2660	2660	2660	2660	60778340	12	22600	66100	22849	1330
10/02/2014	2660	2660	2660	2660	11823700	12	29000	66100	4445	1330
11/02/2014	2660	2660	2660	2660	17234140	5	20300	2000	6479	1330
12/02/2014	2660	2660	2660	2660	2660000	3	16500	2000	1000	1330
13/02/2014	2660	2660	2660	2660	952280	4	21200	64100	358	1330
14/02/2014	2660	2660	2660	2660	17260740	9	31100	64100	6489	1330
17/02/2014	2660	2660	2660	2660	2660000	1	30800	64100	1000	1330
18/02/2014	2660	2660	2660	2660	399000	2	22400	64100	150	1330
19/02/2014	2660	2660	2660	2660	16917600	7	25400	64100	6360	1330
20/02/2014	0	0	0	0	0	0	23700	64100	0	1330
21/02/2014	2660	2660	2660	2660	20958860	1	19500	64100	7871	1330
24/02/2014	2660	2660	2680	2660	10783000	8	26800	64100	4050	1330
25/02/2014	2680	2680	2680	2660	40480900	16	22500	64100	15165	1340
26/02/2014	2680	2680	2680	2660	63775900	16	8900	64100	23797	1340
27/02/2014	2740	2740	2740	2740	274000	1	8800	67300	100	1370
28/02/2014	2700	2700	2700	2700	15047100	7	11700	4400	5573	1350
03/03/2014	2700	2700	2700	2700	7020000	4	12600	66000	2600	1350
04/03/2014	2700	2700	2700	2700	9930600	11	15000	36300	3678	1350
05/03/2014	2700	2700	2700	2700	14040000	7	11200	61900	5200	1350
06/03/2014	2700	2700	2700	2700	12690000	3	3800	34400	4700	1350
07/03/2014	2700	2700	2700	2700	270000	1	4200	31100	100	1350
10/03/2014	2700	2700	2740	2700	17940800	9	0	65300	6624	1350
11/03/2014	2700	2680	2700	2660	21738760	10	4400	67700	8157	1340
12/03/2014	2660	2720	2740	2660	87384000	7	10100	36800	32000	1360
13/03/2014	2700	2700	2700	2700	2152000	4	9900	40000	800	1330
14/03/2014	2700	2660	2700	2660	3526240	4	9100	11100	1318	1330
17/03/2014	2700	2700	2660	2660	21011920	16	11400	74800	7864	1330
18/03/2014	2680	2660	2680	2660	11760000	5	4400	85500	4400	1330
19/03/2014	2660	2660	2680	2660	15846760	11	4400	83800	5957	1330
13/04/1907	2660	2660	2680	2660	46018000	18	4400	83800	17300	1330
21/03/2014	2660	2660	2680	2660	38077920	16	0	90300	14312	1330
24/03/2014	2660	2660	2700	2660	173791420	22	9800	32100	65334	1330
26/03/2014	2660	2660	2660	2660	53998000	15	3900	39200	20300	1330
27/03/2014	0	0	0	0	0	0	6300	39200	0	1330
28/03/2014	2660	2660	2660	2660	16994740	7	6300	39200	6389	1330
31/03/2014	2660	2660	2660	2660	9310000	5	0	41400	3500	1330
01/04/2014	2660	2660	2680	2660	21293420	15	0	3700	8005	1330
02/04/2014	2660	2660	2660	2660	12823860	7	6100	29300	4821	1330
03/04/2014	2700	2700	2700	2700	23760000	3	12500	63700	8800	1350
04/04/2014	2700	2700	2700	2700	17201700	6	10800	70900	6371	1350
08/04/2014	2700	2700	2700	2700	47520000	4	20700	63700	17600	1350
09/04/2014	2700	2700	2700	2700	13500000	3	16600	34400	5000	1350
10/04/2014	2700	2700	2700	2700	24888600	11	20200	0	9218	1350
11/04/2014	2700	2700	2700	2700	16675200	6	36900	63700	6176	1350
14/04/2014	2700	2700	2700	2700	621920700	6	32500	63700	230341	1350
15/04/2014	2700	2700	2700	2700	9263700	6	39100	64200	3431	1350
16/04/2014	2700	2800	2800	2700	10177300	7	40000	62200	3699	1400
17/04/2014	2700	2700	2700	2700	17803700	13	20100	4400	6571	1350
22/04/2014	2700	2720	2720	2700	12348700	8	53600	62200	4541	1360
23/04/2014	2800	2800	2800	2800	94920000	5	50100	29300	33900	1400
24/04/2014	2820	2820	2840	2800	128316000	11	44700	16000	45300	1410
25/04/2014	2820	2820	2860	2820	46598000	7	45200	3000	16500	1410
28/04/2014	2820	2820	2840	2820	467989640	26	26800	3000	164871	1410
29/04/2014	2840	2840	2840	2820	848000	2	29300	31400	300	1420
30/04/2014	2840	2840	2840	2840	10792000	5	18500	31400	3800	1420
02/05/2014	2860	2860	2860	2840	18574000	4	27000	28400	6500	1430
05/05/2014	2860	2860	2860	2860	37551800	11	23700	28400	13130	1430
06/05/2014	2860	2900	2900	2860	34491560	12	31800	37400	12046	1450
07/05/2014	2860	2900	2900	2860	137681220	29	31800	37400	47477	1450
08/05/2014	2900	2900	2900	2900	16796800	7	28300	0	5792	1450
09/05/2014	2900	2900	2900	2900	97703900	16	18200	0	33691	1450
12/05/2014	2920	2900	2920	2900	4670000	5	29500	0	1600	1460
13/05/2014	2940	2940	2940	2920	10226000	7	47000	3600	3500	1470
14/05/2014	2960	2940	2960	2920	43196000	13	33000	20000	14600	1470
15/05/2014	2960	2960	2960	2960	61568000	9	23100	0	20800	1480
16/05/2014	2980	2980	3000	2980	149688000	8	29300	400	50200	1490
19/05/2014	3000	3000	3020	3000	84692000	14	59300	0	28200	1500
20/05/2014	3020	3100	3100	3020	124274000	15	42000	0	40700	1550
21/05/2014	3100	3100	3100	3000	181948300	9	47900	0	58694	1550
22/05/2014	3100	3100	3100	3100	177442000	9	62000	0	55900	1550
23/05/2014	3160	3160	3160	3160	9265120	3	44300	0	2932	1580
26/05/2014	3180	3180	3180	3160	27506000	12	44300	0	8650	1590
27/05/2014	3200	3200	3200	3180	989800	10	37900	0	310	1600
28/05/2014	3200	3220	3300	3200	200338400	22	45000	0	61222	1610
29/05/2014	3200	3200	3220	3200	11389000	10	58500	0	3559	1600
30/05/2014	3220	3300	3300	3220	14899980	10	58800	4100	4567	1650
02/06/2014	3300	3300	3300	3220	185980200	9	52200	200	55462	1650
03/06/2014	3340	3340	3340	3320	1758960	3	29500	500	528	1670
04/06/2014	3340	3340	3340	3320	190794000	8	29500	500	528	1670
05/06/2014	3360	3360	3340	3320	20532960	9	41700	200	6111	1680
06/06/2014	3360	3360	3380	3360	80057760	32	59100	20000	23816	1680
09/06/2014	3400	3400	3400	3360	23611520	10	62800	22300	6957	1700
10/06/2014	3400	3460	3460	3360	46163180	20	42300	46700	13536	1730
11/06/2014	3500	3500	3500	3460	10842540	9	56200	0	3099	1750
12/06/2014	3500	3500	3500	3500	13790000	16	25300	0	3940	1750
13/06/2014	3500	3540	3540	3500	51064000	19	31000	0	14500	1770
16/06/2014	3560	3560	3560	3540	29544000	5	61700	0	8300	1780
16/06/2014	3620	3660	3660	3620	222769220	24	31100	0	61481	1830
18/06/2014	3660	3920	4000	3660	179993000	18	13300	2400	49150	1960
19/06/2014	4000	3920	4000	3920	64800000	8	3200	23000	16500	1960
23/06/2014	4000	4000	4000	3960	37956000	15	28800	100	9519	2000
24/06/2014	4000	4000	4000	4000	183320000	28	23600	10000	45830	2000
25/06/2014	4000	4000	4000	4000	78400000	18	23600	2600	19600	2000
26/06/2014	4000	4000	4000	4000	135236000	26	0	19300	33809	2000
27/06/2014	4000	4000	4000	4000	27272000	37	0	37200	6818	2000
30/06/2014	3990	3990	3990	3990	113942430	12	0	26460	28557	1995
01/07/2014	4000	4000	4000	4000	223552000	52	0	1500	55888	2000
01/07/2014	4000	4000	4000	4000	223552000	52	0	1500	55888	2000
03/07/2014	4000	4000	4000	4000	120416000	40	5000	5500	30104	2000
04/07/2014	4000	4000	4000	4000	76000000	48	1700	5500	19000	2000
08/07/2014	4000	4000	4000	4000	92504000	29	560	1000	23126	2000
09/07/2014	4000	4000	4000	4000	60620000	10	0	0	15155	2000
10/07/2014	4100	4100	4100	4000	190785300	8	0	0	46533	2050
11/07/2014	4100	4100	4100	4010	10078000	3	0	0	2480	2050
14/07/2014	4100	4100	4100	4100	28782000	8	0	0	7020	2050
15/07/2014	4100	4100	4100	4100	134398000	25	0	0	32780	2050
16/07/2014	4100	4100	4100	4100	3099600	5	0	0	756	2050
17/07/2014	4100	4110	4110	4100	8754300	2	0	0	2130	2055
18/07/2014	4100	4100	4110	4100	3186773700	34	0	0	777240	2050
21/07/2014	4100	4010	4100	4010	356808220	17	0	0	87154	2005
22/07/2014	4010	4010	4100	4010	23304780	19	0	0	5706	2005
23/07/2014	4010	4010	4100	4010	39648030	21	0	0	9705	2005
24/07/2014	4090	4010	4090	4010	22873800	8	0	0	5620	2005
25/07/2014	4010	4010	4070	4010	12030000	7	0	0	3000	2005
28/07/2014	4090	4090	4100	4090	30941100	10	0	0	7565	2045
31/07/2014	4010	4010	4010	4010	9391420	6	0	0	2342	2005
01/08/2014	4010	4090	4100	4010	632803190	42	0	0	154939	2045
04/08/2014	4090	4100	4100	4090	264898700	16	0	0	64671	2050
05/08/2014	4100	4090	4100	4090	28621600	5	0	0	6990	2045
06/08/2014	4100	4100	4100	4100	50175800	12	0	0	12238	2050
07/08/2014	4120	4110	4120	4100	183958520	19	0	0	44768	2055
11/08/2014	4100	4100	4100	4100	109859500	20	0	0	26795	2050
12/08/2014	4100	4100	4100	4100	120171000	16	0	0	29310	2050
13/08/2014	4100	4100	4100	4100	68047700	19	0	0	16597	2050
14/08/2014	4100	4080	4100	4000	118649600	17	0	0	29066	2040
15/08/2014	4100	4100	4100	4100	109798000	11	0	0	26780	2050
18/08/2014	4100	4100	4120	4100	43632200	12	0	0	10640	2050
19/08/2014	4120	4120	4120	4100	99003440	23	0	0	24030	2060
20/08/2014	4130	4130	4140	4120	254435040	19	0	0	61537	2065
21/08/2014	4140	4140	4140	4140	3643200	3	0	0	880	2070
22/08/2014	4140	4160	4180	4140	38676200	9	0	0	9300	2080
25/08/2014	4130	4130	4140	4120	254435040	19	0	0	61537	2065
26/08/2014	4160	4150	4160	4140	127429200	8	0	0	30710	2075
27/08/2014	4150	4160	4170	4160	21382500	10	0	0	5140	2080
28/08/2014	4160	4160	4160	4150	110794820	30	0	0	26657	2080
29/08/2014	4160	4150	4160	4140	194876240	17	0	0	46914	2075
01/09/2014	4160	4160	4160	4140	55230440	16	0	0	13291	2080
02/09/2014	4160	4160	4160	4140	10310640	8	0	0	2479	2080
03/09/2014	4160	4160	4160	4140	15162600	15	0	0	3660	2080
04/09/2014	4140	4180	4200	4140	142912600	30	0	0	34175	2090
05/09/2014	4160	4150	4160	4140	25796200	19	0	0	6215	2075
08/09/2014	4160	4160	4160	4160	54953600	11	0	0	13210	2080
09/09/2014	4160	4180	4180	4160	47704100	14	0	0	11425	2090
10/09/2014	4170	4170	4180	4170	10351400	7	0	0	2480	2085
11/09/2014	4170	4170	4180	4170	33339650	10	0	0	7995	2085
12/09/2014	4170	4170	4180	4170	27891967250	21	4210	53462	6688696	2085
15/09/2014	4180	4180	4200	4170	59763340	14	1170	51310	14292	2090
16/09/2014	4170	4170	4170	4160	149744200	17	3100	50990	35940	2085
17/09/2014	4170	4170	4170	4160	15299900	5	2706	0	3670	2085
18/09/2014	4170	4160	4170	4160	11440500	6	2506	9150	2750	2080
19/09/2014	4170	4170	4180	4170	46922370	12	7005	51960	11241	2085
22/09/2014	4170	4170	4180	4160	69058620	12	2005	49200	16559	2085
23/09/2014	4170	4170	4180	4170	171258500	38	2690	58580	41050	2085
24/09/2014	4170	4170	4170	4170	30441000	6	5804	59080	7300	2085
25/09/2014	4180	4180	4180	4170	46799000	6	6934	3380	11200	2090
26/09/2014	4200	4350	4360	4200	185108000	3	6526	500	42580	2175
29/09/2014	4360	4280	4360	4200	4280000	2	7716	0	1000	2140
30/09/2014	4380	4390	4400	4380	171331900	19	14586	0	39010	2195
01/10/2014	4400	4400	4460	4400	240374600	36	9316	33910	54580	2200
02/10/2014	4460	4460	4460	4460	158767080	21	17756	0	35598	2230
03/10/2014	4480	4500	4510	4480	98433900	12	14287	0	21880	2250
06/10/2014	4500	4520	4550	4500	99828800	16	11813	0	22070	2260
07/10/2014	4510	4510	4510	4510	168448500	2	20783	0	37350	2255
08/10/2014	4560	4560	4580	4550	24327900	14	25682	0	5340	2280
09/10/2014	4560	4610	4660	4590	113232800	26	98272	34520	24580	2305
10/10/2014	4660	4660	4660	4650	117366400	22	26600	12730	25190	2330
13/10/2014	4660	4660	4660	4650	170719820	28	25742	9910	36637	2330
15/10/2014	4660	4660	4660	4660	138961200	12	11642	16590	29820	2330
16/10/2014	4660	4670	4780	4660	268855040	24	16942	36020	57584	2335
17/10/2014	4670	4690	4690	4600	3383800	3	26510	92020	722	2345
20/10/2014	4700	4710	4760	4700	106536400	14	27137	90480	22640	2355
21/10/2014	4710	4740	4760	4660	191401640	16	47003	65720	40382	2370
22/10/2014	4780	4780	4780	4760	194652800	9	40503	48960	40760	2390
23/10/2014	4780	4740	4780	4720	154218760	19	26923	34750	32513	2370
24/10/2014	4740	4720	4790	4700	87790400	14	16156	34700	18600	2360
27/10/2014	4700	4700	4760	4700	123658880	16	2703	37790	26293	2350
28/10/2014	4740	4740	4700	4740	362437280	20	1922	94383	76514	2370
29/10/2014	4710	4740	4700	4740	79730720	26	2	107460	16936	2355
30/10/2014	4620	4700	4600	4700	37851300	10	0	175500	8197	2310
31/10/2014	4610	4640	4600	4640	6993600	5	1440	137530	1516	2305
03/11/2014	4600	4610	4600	4610	34276100	9	8	142300	7451	2300
04/11/2014	4600	4600	4600	4600	2852000	4	8	127490	620	2300
05/11/2014	4550	4600	4500	4600	48314800	16	0	106810	10622	2275
06/11/2014	4460	4500	4450	4500	2008500	3	0	221120	450	2230
07/11/2014	4440	4440	4430	4440	7326880	10	1	173050	1652	2220
10/11/2014	4400	4440	4400	4440	30052040	29	0	168000	6830	2200
11/11/2014	4400	0	0	0	0	0	0	156470	0	2200
12/11/2014	4340	4350	4340	4350	58555400	5	0	214761	13492	2170
13/11/2014	4230	4320	4000	4320	58307600	18	2780	25298	13790	2115
14/11/2014	4000	4000	4000	4000	14928000	14	0	31220	3732	2000
17/11/2014	4000	4000	4000	4000	12680000	3	0	35600	3170	2000
18/11/2014	3960	4000	3960	4000	32758800	13	0	25420	8270	1980
19/11/2014	3950	3960	3940	3960	14115200	5	0	21550	3570	1975
20/11/2014	3990	3990	3990	3990	19950	1	0	21670	5	1995
21/11/2014	3950	3950	3950	3950	10823000	33	0	15600	2740	1975
24/11/2014	3950	3950	3950	3950	4029000	7	0	14580	1020	1975
25/11/2014	3950	3950	3950	3950	1264000	3	4	5400	320	1975
26/11/2014	3950	3990	3940	3990	1775260	7	0	33000	450	1975
27/11/2014	3830	3920	3800		2794400	10	0	39830	730	1915
28/11/2014	3910	3910	3910	3910	977500	1	0	35640	250	1955
01/12/2014	3890	3900	3890	3900	26351600	11	0	39750	6770	1945
02/12/2014	3900	3910	3900	3910	88239200	13	0	50540	22620	1950
03/11/2014	3900	3950	3900	3950	23251900	14	0	44878	5962	1950
04/12/2014	3780	3900	3780		50832200	8	0	97038	13430	1890
05/12/2014	3760	3780	3760	3780	56196560	8	0	104533	14882	1880
08/12/2014	3740	3750	3740	3750	93550000	8	0	93815	25000	1870
10/12/2014	3730	3740	3730	3740	164213350	3	0	98775	44025	1865
11/11/2014	3670	3700	3670	3700	418800	4	300	61795	114	1835
12/12/2014	3600	3600	3600	3600	3636000	4	0	16470	1010	1800
15/12/2014	3560	3560	3560	3560	1780000	1	44	56410	500	1780
16/12/2014	3540	3560	3540	3560	18905000	5	4	77470	5340	1770
17/12/2014	3500	3500	3500	3500	427315000	18	4	67990	122090	1750
18/12/2014	3500	3600	3500	3600	297619400	25	5220	61430	85034	1750
19/12/2014	3500	3510	3500	3510	116860000	8	7940	61040	33380	1750
22/12/2014	3500	3500	3500	3500	155995000	14	0	18490	44570	1750
23/12/2014	3500	3500	3500	3500	64162000	7	0	7226	18332	1750
24/12/2014	3490	3500	3400	3500	7635000	3	0	21466	2190	1745
29/12/2014	3470	3500	3300	3500	21056000	10	780	19406	6060	1735
30/12/2014	3420	3500	3300		19528500	9	9090	16130	5705	1710
31/12/2014	3400	3410	3400	3410	61969800	13	6590	6430	18217	1700
05/01/2015	3500	3470	3500	3300	55466600	21	5520	20496	16000	1735
06/01/2015	3470	3460	3500	3400	11398000	17	6707	0	3298	1730
07/01/2015	3460	3480	3500	3360	32312500	14	8817	15560	9279	1740
08/01/2015	3480	3490	3500	3360	21893840	16	11650	20122	6280	1745
09/01/2015	3490	3490	3500	3400	76030000	28	28080	0	21754	1745
13/01/2015	3490	3530	3600	3500	14670000	7	80325	0	4150	1765
14/01/2015	3530	3520	3600	3500	14910000	6	78022	4300	4240	1760
15/01/2015	3520	3590	3600	3500	51935200	14	103812	0	14457	1795
16/01/2015	3590	3580	3600	3500	55953100	14	78373	8	15609	1790
19/01/2015	3580	3600	3600	3600	15861600	5	89343	2	4406	1800
20/01/2015	3600	3610	3610	3600	79596300	12	102173	1500	22049	1805
21/01/2015	3610	3820	4000	3500	12843700	8	104330	0	3367	1910
22/01/2015	3820	4000	4000	4000	13600000	6	109180	5	3400	2000
23/01/2015	4000	4070	4100	4000	77666800	14	37340	4820	19095	2035
26/01/2015	4070	4100	4100	4020	36467840	18	40845	708	9048	2050
27/01/2015	4100	4110	4110	4100	49113000	20	46850	700	11958	2055
28/01/2015	4110	4210	4210	4210	24375900	11	44185	700	5790	2105
29/01/2015	4210	4290	4300	4210	58677130	15	23385	4799	13663	2145
30/01/2015	4290	4300	4310	4300	187575790	24	10435	3000	43614	2150
02/02/2015	4300	4310	4310	4210	121258130	25	18295	71000	28145	2155
03/02/2015	4310	4290	4310	4000	73894100	20	20398	93980	17212	2145
04/02/2015	4290	4290	4300	4000	8481000	12	23062	100910	1975	2145
05/02/2015	4290	4300	4300	4290	319245000	43	11293	65960	74250	2150
06/02/2015	4300	4290	4300	4010	95537200	22	8240	128300	22264	2145
09/02/2015	4290	4070	4300	4010	20611400	6	12500	106470	5070	2035
10/02/2015	4070	4200	4290	4020	72048300	17	25324	106270	17135	2100
11/02/2015	4200	4300	4300	4200	25880000	15	35158	102140	6023	2150
12/01/2015	4300	4260	4300	4200	58680900	23	31203	87300	13779	2130
13/01/2015	4260	4290	4300	4290	46618800	7	34770	16473	10865	2145
16/02/2015	4290	4290	4290	4290	188687070	23	25405	139710	43983	2145
17/02/2015	4290	4290	4300	4290	39862700	16	10026	135030	9290	2145
18/02/2015	4290	4230	4290	4200	6764520	11	9900	137531	1598	2115
19/02/2015	4230	4270	4300	4200	10378090	9	16450	153397	2428	2135
20/02/2015	4270	4290	4300	4200	475851200	25	12100	58647	110940	2145
23/02/2015	4290	4300	4300	4280	988577500	22	10404	9685	229922	2150
24/02/2015	4300	4280	4290	4200	1295022900	13	11609	10560	302575	2140
25/02/2015	4280	4300	4300	4290	71600110	27	14847	0	16656	2150
26/02/2015	4300	4300	4300	4290	27040430	15	11960	10001	6295	2150
27/02/2015	4300	4290	4300	4290	54878800	13	1000	11000	12790	2145
02/03/2015	4290	4300	4300	4290	9496700	10	2656	16305	2210	2150
03/03/2015	4300	4290	4300	4290	13045900	5	22	20484	3041	2145
04/03/2015	4290	4290	4290	4280	7201090	13	5016	20757	1680	2145
05/03/2015	4290	4290	4300	4290	36795360	18	5028	18820	8577	2145
06/03/2015	4290	4290	4290	4280	7201090	13	5016	20757	1680	2145
09/03/2015	4280	4100	4290	4090	49775680	12	5280	63951	12139	2050
10/03/2015	4100	3980	3990	3980	29219980	7	6016	76860	7341	1990
11/03/2015	3980	3960	3980	3900	37172000	9	12610	60030	9380	1980
12/03/2015	3960	3720	3900	3600	61992000	19	0	53330	16670	1860
13/03/2015	3720	3610	3800	3600	105655000	21	5388	12580	29280	1805
16/03/2015	3610	3500	3600	3500	19324300	12	103523	48787	5521	1750
17/03/2015	3500	3510	3600	3500	99817200	24	235075	42620	28475	1755
18/03/2015	3510	3470	3600	3410	8877500	10	262345	47520	2555	1735
19/03/2015	3470	3500	3500	3500	79821000	21	255100	22660	22806	1750
20/03/2015	3500	3500	3500	3500	10150000	9	266244	19960	2900	1750
23/03/2015	3500	3500	3500	3500	34090000	8	257103	4000	9740	1750
24/03/2015	3500	3470	3500	3410	5030000	10	52831	6550	1450	1735
25/03/2015	3470	3500	3500	3500	121184000	25	2831	23690	34624	1750
26/03/2015	3500	3410	3500	3400	27165970	10	140430	30146	7968	1705
27/03/2015	3410	3420	3420	3410	126270	7	111274	25905	37	1710
30/03/2015	3420	3420	3500	3410	32319350	13	115577	22705	9445	1710
31/03/2015	3420	3500	3500	3460	25865200	16	9967	15310	7395	1750
01/04/2015	3500	3470	3500	3440	9077180	14	8780	5400	2614	1735
02/04/2015	3470	3500	3500	3480	242409000	22	3560	377	69270	1750
08/04/2015	3500	3500	3500	3480	38590860	21	670	0	11026	1750
09/04/2015	3500	3500	3500	3500	20433000	14	5000	4410	5838	1750
10/04/2015	3500	3500	3500	3500	826000	3	10000	16240	236	1750
13/04/2015	3500	3470	3500	3450	29927700	14	6204	12131	8622	1735
14/04/2015	3470	3500	3500	3500	76615000	20	8004	1	21890	1750
15/04/2015	3500	3500	0	0	0	0	33404	1	0	1750
16/04/2015	3500	3600	3600	3600	6336000	4	26964	1000	1760	1800
17/04/2015	3600	3590	3600	3500	30419000	21	26900	5180	8475	1795
20/04/2015	3590	3500	3500	3500	23975000	6	23730	5911	6850	1750
21/04/2015	3500	3520	3600	3500	54971600	18	41422	3000	15623	1760
22/04/2015	3520	3510	3600	3500	10891400	6	27790	5682	3104	1755
23/04/2015	3510	3600	3600	3600	20448000	1	63870	2	5680	1800
24/04/2015	3600	3610	3610	3600	32327800	8	60810	0	8960	1805
27/04/2015	3610	3610	3610	3600	18997700	12	57340	0	5270	1805
28/04/2015	3610	3610	3610	3600	6637400	9	35980	1130	1840	1805
29/04/2015	3610	3600	3600	3600	20736000	6	31030	3170	5760	1800
30/04/2015	3600	3610	3610	3610	24511900	6	27000	2000	6790	1805
04/05/2015	3610	3610	3610	3610	3610000	1	38500	2003	1000	1805
05/05/2015	3610	3610	3610	3610	43789300	18	31960	2002	12130	1805
06/05/2015	3610	3610	3610	3610	18526520	13	33220	0	5132	1805
07/05/2015	3610	3610	3610	3610	23735750	16	11120	723	6575	1805
08/05/2015	3610	3600	3600	3600	72000	1	20610	1723	20	1800
11/05/2015	3600	3610	3610	3610	43475230	24	10455	1000	12043	1805
12/05/2015	3610	3610	3610	3510	12428450	8	9410	7768	3445	1805
13/05/2015	3610	3610	3610	3600	24409430	7	12850	3005	6763	1805
14/05/2015	3610	3610	3900	3610	184982200	17	1290	2985	51240	1805
15/05/2015	3610	3610	3610	3610	188442000	7	50160	2985	52200	1805
18/05/2015	3610	3610	3610	3610	181442210	21	0	84830	50261	1805
19/05/2015	3610	3600	3610	3600	2796782730	17	22000	94990	774793	1800
20/05/2015	3600	3600	3600	3600	2088000	4	22113	96650	580	1800
21/05/2015	3600	3600	3610	3500	131439200	21	19846	91610	36510	1800
22/05/2015	3600	3600	3600	3600	12276000	3	19980	111430	3410	1800
25/05/2015	3600	3600	3610	3500	88988780	12	16786	32040	24750	1800
26/05/2015	3600	3500	3600	3500	34573000	9	6	49370	9870	1750
27/05/2015	3500	3500	3600	3500	26135350	19	4000	47170	7457	1750
28/05/2015	3500	3500	0	0	0	0	4000	37870	0	1750
29/05/2015	3500	3530	3600	3500	17545000	5	592	38150	4970	1765
01/06/2015	3530	3500	3500	3500	9730000	11	5	44500	2780	1750
02/06/2015	3500	3500	3520	3500	61738000	13	190	11260	17620	1750
03/06/2015	3500	3500	3500	3500	12845000	8	0	11680	3670	1750
04/06/2015	3500	3500	3500	3500	37660000	12	1	14740	10760	1750
05/06/2015	3500	3500	3500	3500	5250000	1	1	13300	1500	1750
08/06/2015	3500	3500	3500	3500	11515000	7	6	6750	3290	1750
09/06/2015	3500	3500	3510	3500	55620750	13	8	123930	15875	1750
10/06/2015	3500	3500	3500	3500	350000	1	8	133830	100	1750
11/06/2015	3500	3500	3500	3500	40670000	6	8	132740	11620	1750
12/06/2015	3500	3500	3500	3500	140000	5	8	148900	40	1750
15/06/2015	3500	3500	3500	3500	28000	2	0	167460	8	1750
16/06/2015	3500	3490	3490	3490	39716200	5	9	82950	11380	1745
17/06/2015	3490	3490	3490	3490	2338300	4	9	84190	670	1745
18/06/2105	3490	3490	3490	3490	38808800	10	3	67730	11120	1745
19/06/2015	3490	3480	3500	3480	23949450	5	0	69527	6882	1740
22/06/2015	3480	3480	3490	3480	3243460	8	0	48970	932	1740
23/06/2015	3480	3480	3490	3480	71994690	22	0	17617	20688	1740
24/06/2015	3480	3470	3470	3470	13880000	3	6010	21620	4000	1735
25/06/2015	3470	3480	3480	3470	125965900	25	0	8107	36210	1740
26/06/2015	3480	3480	3480	3480	3504360	3	0	14000	1007	1740
29/06/2015	3480	3470	3480	3460	2616640	5	0	38138	753	1735
30/06/2015	3470	3470	0	0	0	0	0	94388	0	1735
01/07/2015	3470	3460	3460	3460	2975600	1	0	0	860	1730
02/06/2015	3460	3450	3450	3450	3484500	1	40	108278	1010	1725
03/07/2015	3450	3450	0	0	0	0	40	111678	0	1725
06/07/2015	3450	3430	3450	3400	13616500	8	0	106540	3970	1715
08/07/2015	3430	3300	3300	3300	33000	1	0	128280	10	1650
09/07/2015	3300	3180	3200	3100	36934000	7	0	118302	11620	1590
10/07/2015	3180	3100	3100	3100	17335200	8	100	110170	5592	1550
13/07/2015	3100	3000	3000	3000	6000000	3	100	13330	2000	1500
14/07/2015	3000	3000	3000	3000	2910000	4	0	11480	970	1500
15/07/2015	3000	3000	3000	3000	270000	2	0	25870	90	1500
16/07/2015	3000	3000	3000	2990	48317800	10	5003	35223	16107	1500
17/07/2015	3000	2990	3000	2990	20043400	14	6113	36762	6698	1495
20/07/2015	2990	2990	3000	2990	3950100	2	13083	36832	1320	1495
21/07/2015	2990	2950	2990	2950	22572400	12	6273	37952	7640	1475
22/07/2015	2950	2950	2990	2900	7407370	7	6112	70802	2515	1475
23/07/2015	2950	2890	2900	2800	48360600	16	5000	69214	16714	1445
24/07/2015	2890	2900	2900	2900	290000	1	5000	73584	100	1450
27/07/2015	2900	2880	2880	2880	27504000	7	5008	71534	9550	1440
28/07/2015	2880	2880	2880	2880	115200	5	5003	71594	40	1440
29/07/2015	2880	2810	2880	2800	15508800	8	500	53570	5510	1405
30/07/2015	2810	2870	2880	2820	6341280	11	300	65573	2206	1435
31/07/2015	2870	2870	2880	2870	14157760	11	0	0	4933	1435
03/08/2015	2870	2870	2870	2850	171626400	12	0	66253	59840	1435
04/08/2015	2870	2870	2870	2870	58777600	14	740	69103	20480	1435
05/08/2015	2870	2870	2870	2800	37969600	20	0	14800	13240	1435
06/08/2015	2870	2770	2870	2600	29655610	14	246	29760	10716	1385
07/08/2015	2770	2680	2870	2600	2813700	4	6	27240	1050	1340
10/08/2015	2680	2760	2860	2670	48464500	18	5000	31518	17566	1380
11/08/2015	2760	2700	2790	2600	28677900	11	6184	101268	10630	1350
12/08/2015	2700	2500	2680	2500	249108960	17	2965	2996	99512	1250
13/08/2015	2500	2700	2700	2700	5130000	4	40595	1000	1900	1350
14/08/2015	2700	2730	2880	2700	6557720	21	64502	23162	2402	1365
17/08/2015	2730	2700	2700	2600	10578140	10	68615	21066	3918	1350
18/08/2015	2700	2760	2800	2610	46039000	10	68574	5703	16663	1380
19/08/2015	2760	2690	2700	2610	56838000	6	76673	6355	21130	1345
20/08/2015	2690	2700	2700	2700	3963600	7	44023	6350	1468	1350
21/08/2015	2700	2720	2750	2700	3761750	6	19134	1790	1385	1360
24/08/2015	2720	2700	2710	2700	42132500	5	50368	1790	15600	1350
25/08/2015	2700	2700	2710	2700	20584000	8	35710	1790	7620	1350
26/08/2015	2700	2700	2700	2700	15419700	2	30170	1796	5711	1350
27/08/2015	2700	2750	2750	2700	16999900	5	23990	1790	6182	1375
28/08/2015	2750	2800	2800	2800	3920000	1	26110	0	1400	1400
31/08/2015	2800	2810	2810	2800	17893320	7	6360	3292	6372	1405
01/09/2015	2810	2810	2820	2810	21920000	15	4168	3292	7800	1405
02/09/2015	2810	2810	2810	2810	15960800	5	1162	3292	5680	1405
03/09/2015	2810	2810	2900	2810	4025000	7	10020	3762	1430	1405
04/09/2015	2810	2900	2900	2850	5333500	2	7870	4922	1840	1450
07/09/2015	2900	2860	2900	2850	1690000	3	14736	4332	590	1430
08/09/2015	2860	2900	2900	2900	8824700	4	4329	0	3043	1450
09/09/2015	2900	2900	2900	2880	8226600	7	2582	2130	2840	1450
10/09/2015	2900	2890	2900	2880	16333300	7	2592	2280	5652	1445
11/09/2015	2890	2900	2900	2890	9337600	10	3859	1790	3225	1450
14/09/2015	2900	2900	2900	2900	13833000	11	3599	2650	4770	1450
15/09/2015	2900	2900	2900	2890	37485300	23	2663	1790	12926	1450
16/09/2015	2900	2900	2900	2900	4637100	15	1936	6560	1599	1450
17/09/2015	2900	2900	2900	2900	11136000	11	1776	52720	3840	1450
18/09/2015	2900	2900	2900	2900	88078800	19	20	52825	30372	1450
21/09/2015	2900	2860	2900	2800	5795200	5	3000	56447	2028	1430
	2860	2810	2860	2800	3086000	2	3750	56800	1100	1405
23/09/2015	2810	2870	2900	2860	5124500	6	6033	55015	1785	1435
25/09/2015	2870	2890	2900	2860	21090000	6	4054	5213	7300	1445
28/09/2015	2890	2900	2900	2900	185977000	7	2344	1793	64130	1450
29/09/2015	2900	2900	2900	2900	81872800	6	593	270	28232	1450
30/09/2015	2900	2830	2880	2810	2652400	8	10	16082	938	1415
01/10/2015	2830	2830	2830	2830	1443300	2	3020	16072	510	1415
02/10/2015	2830	2830	2830	2830	12522750	6	14	14512	4425	1415
05/09/2015	2830	2820	2880	2800	11330060	13	1216	12790	4022	1410
06/10/2015	2820	2800	2830	2800	8926780	11	914	19542	3188	1400
07/10/2015	2800	2750	2750	2750	1375000	1	1003	7440	500	1375
08/10/2015	2750	2790	2800	2750	197810500	19	5233	3790	70840	1395
09/10/2015	2790	2790	2790	2790	35265600	2	12593	2000	12640	1395
12/10/2015	2790	2790	0	0	0	0	12599	2000	0	1395
13/10/2015	2790	2800	2800	2750	14561000	8	36274	63620	5204	1400
15/10/2015	2800	2810	2820	2800	28678600	5	27685	63620	10220	1405
16/10/2015	2810	2810	2810	2810	3709200	4	20465	65287	1320	1405
19/10/2015	2810	2800	2810	2800	6771770	6	18474	64870	2417	1400
20/10/2015	2800	2810	2810	2810	7643200	5	16279	1930	2720	1405
21/10/2015	2810	2810	2810	2800	7666300	9	44855	20000	2730	1405
22/10/2015	2810	2810	0	0	0	0	44774	20000	0	1405
23/10/2015	2810	2810	0	0	0	0	61154	20000	0	1405
26/10/2015	2810	2830	2890	2820	7517400	3	59162	19840	2660	1415
27/10/2015	2830	2860	2890	2820	52415640	9	26864	10460	18306	1430
28/10/2015	2860	2820	2830	2820	26707650	5	17418	5607	9455	1410
29/10/2015	2820	2830	2830	2830	6792000	2	14908	3607	2400	1415
30/10/2015	2830	2900	2950	2830	107426000	11	10938	3697	37000	1450
02/11/2015	2900	2900	2900	2830	971430	3	11348	8862	335	1450
03/11/2015	2900	2950	2950	2900	34684300	9	22669	6830	11762	1475
04/11/2015	2950	2940	2950	2900	43870550	14	12372	14720	14939	1470
06/11/2015	2940	2910	2950	2900	57335600	18	3050	5040	19710	1455
09/11/2015	2910	2930	2950	2900	73335500	15	1018	13144	24990	1465
10/11/2015	2930	2900	2900	2900	31882600	13	7	9344	10994	1450
11/11/2015	2900	2900	2900	2900	232000	6	0	25617	80	1450
12/11/2015	2900	2900	2900	2900	4532700	4	90	24054	1563	1450
13/11/2015	2900	2900	0	0	0	0	97	24934	0	1450
16/11/2015	2900	2880	2900	2880	3307600	6	8840	25764	1148	1440
17/11/2015	2880	2880	2900	2900	17400	1	8834	30909	6	1440
18/11/2015	2880	2870	2900	2800	22918200	13	6088	14440	7999	1435
19/11/2015	2870	2870	2870	2870	200900	1	6088	19880	70	1435
20/11/2015	2870	2800	2870	2800	6920900	3	3684	18830	2470	1400
23/11/2015	2800	2800	2800	2800	16643200	6	3682	4030	5944	1400
24/11/2015	2800	2800	2800	2800	4205600	3	0	6090	1502	1400
25/11/2015	2800	2800	2800	2800	1008000	1	0	9040	360	1400
26/11/2015	2800	2800	2800	2800	5919200	8	1430	12004	2114	1400
27/11/2015	2800	2790	2790	2790	18525600	6	1430	6284	6640	1395
30/11/2015	2790	2750	2750	2750	1925000	1	1610	4394	700	1375
01/11/2015	2750	2790	2790	2790	4249170	5	790	27635	1523	1395
02/12/2015	2790	2800	2800	2790	7965950	13	1016	25500	2845	1400
03/12/2015	2800	2800	2800	2790	40072400	12	10	18650	14327	1400
04/12/2015	2800	2790	2790	2790	6193800	5	22	47510	2220	1395
07/12/2015	2790	2780	2800	2780	15095810	7	911	46050	5430	1390
08/12/2015	2780	2790	2790	2780	20447400	4	581	31220	7330	1395
10/12/2015	2790	2780	2790	2780	1615190	2	5000	37208	581	1390
11/12/2015	2780	2650	2750	2600	19370000	9	580	57872	7321	1325
14/12/2015	2650	2740	2740	2740	3315400	4	2341	59662	1210	1370
15/12/2015	2740	2510	2680	2500	11737700	8	0	0	4670	1255
16/12/2015	2510	2510	2510	2510	175700	1	10001	81092	70	1255
17/12/2015	2510	2500	2500	2500	18925000	4	6	53810	7570	1250
18/12/2015	2500	2500	2740	2500	9465240	5	17720	23220	3786	1250
21/12/2015	2500	2510	2510	2500	1078300	3	17800	21100	430	1255
22/12/2015	2510	2500	2500	2500	44500000	4	0	29260	17800	1250
23/12/2015	2500	2500	0	0	0	0	0	29380	0	1250
28/12/2015	2500	2500	2500	2500	975000	2	8	7980	390	1250
29/12/2015	2500	2500	2500	2500	100000	1	8	8640	40	1250
30/12/2015	2500	2500	2500	2500	7075000	7	3	6480	2830	1250
31/12/2015	2500	2500	2500	2500	2900000	5	0	8340	1160	1250
05/01/2016	2500	2490	2500	2450	34919160	16	3285	30016	14030	1245
06/01/2016	2490	2450	2490	2450	5497600	6	202549	43666	2240	1225
07/01/2016	2450	2450	2490	2450	3497680	7	201281	43441	1425	1225
08/01/2016	2450	2450	2450	2450	3699500	3	200008	12703	1510	1225
11/01/2016	2450	2450	2450	2300	42413500	27	3961	41813	17330	1225
13/01/2016	2450	2450	2450	2450	710500	2	203966	42443	290	1225
14/01/2016	2450	2450	2450	2450	17150	3	204250	32700	7	1225
15/01/2016	2450	2300	2300	2300	9110300	4	205290	2805	3961	1150
18/01/2016	2300	2350	2450	2300	3004000	4	21490	305	1280	1175
19/01/2016	2350	2350	0	0	0	0	22800	2305	0	1175
20/01/2016	2350	2350	2400	2300	10745800	14	12080	2024	4571	1175
21/01/2016	2350	2340	2360	2300	22023100	16	16140	3177	9412	1170
22/01/2016	2340	2350	2350	2300	16026900	8	10080	295	6820	1175
25/01/2016	2350	2350	2350	2350	13383250	5	11137	7998	5695	1175
26/01/2016	2350	2350	2350	2350	1485200	10	1135	8986	632	1175
27/01/2016	2350	2340	2340	2340	1404000	4	1065	8569	600	1170
28/01/2016	2340	2340	2340	2320	266480	3	1289	17015	114	1170
29/01/2016	2340	2320	2320	2320	13237920	5	0	14515	5706	1160
02/02/2016	2320	2300	2300	2300	138000	1	3120	56174	60	1150
04/02/2016	2270	2200	2250	2200	4447200	5	5	47394	2021	1100
05/02/2016	2200	2150	2250	2150	226250	10	0	24720	105	1075
08/02/2016	2150	2150	2150	2150	4730000	3	0	15993	2200	1075
09/02/2016	2150	2100	2150	2100	26105550	25	0	9250	12427	1050
10/02/2016	2100	2100	2100	2100	3171000	2	900	15060	1510	1050
11/02/2016	2100	2110	2150	2000	25600000	8	0	31700	12150	1055
12/02/2016	2110	2110	2150	2100	48396577000	17	5900	5230	21999840	1055
15/02/2016	2110	2100	2100	2100	4830000	2	5900	8330	2300	1050
16/02/2016	2100	2100	2100	2100	14878500	9	21320	6727	7085	1050
17/02/2016	2100	2080	2100	2000	43654600	10	0	10351	21026	1040
18/02/2016	2080	2100	2100	2100	25607400	8	1701000	7574	12194	1050
19/02/2016	2100	2100	0	0	0	0	1709000	11565	0	1050
22/02/2016	2100	2100	2100	2100	21000000	3	1799000	27374	10000	1050
23/02/2016	2100	2010	2100	2000	22489130	11	1794433	6930	11208	1005
24/02/2016	2010	2000	2100	2000	7840430	7	1792520	21930	3920	1000
25/02/2016	2000	2030	2100	2010	2610600	3	1793090	21650	1286	1015
26/02/2016	2030	2010	2010	2010	2010000	1	1758000	20650	1000	1005
29/02/2016	2010	2000	2010	2000	25349950	11	1752000	14600	12660	1000
01/03/2016	2000	2000	2000	2000	6700000	6	1752002	12760	3350	1000
02/03/2016	2000	2000	0	0	0	0	1752002	13060	0	1000
03/03/2016	2000	2000	2000	2000	12860000	10	2010002	20430	6430	1000
04/03/2016	2000	1920	2000	1900	17213000	6	9890	19561	8947	960
07/03/2016	1920	1900	1900	1900	29539300	13	10020	19569	15547	950
08/03/2016	1900	1900	1900	1900	19247000	7	0	23654	10130	950
09/03/2016	1900	1900	1900	1900	45740600	15	0	11830	24074	950
10/03/2016	1900	1900	1900	1900	969000	2	15000	5420	510	950
11/03/2016	1900	1830	2000	1820	462705200	18	26980	3040	252370	915
14/03/2016	1830	2010	2010	2000	12110400	3	18280	1007	6040	1005
15/03/2016	2010	2000	2000	2000	5310000	4	18300	2	2655	1000
16/03/2016	2000	1950	2000	1900	3750000	6	27515	4267	1920	975
17/03/2016	1950	1910	2000	1910	5711080	6	42735	4005	2990	955
18/03/2016	1910	2000	2000	2000	9000000	2	237865	5	4500	1000
21/03/2016	2000	2000	2000	2000	10500000	8	241685	280005	5250	1000
22/03/2016	2000	2000	2000	1960	594980000	13	26435	303371	297494	1000
23/03/2016	2000	2000	2000	2000	48740000	6	53560	280008	24370	1000
24/03/2016	2000	2000	2000	2000	11044000	8	48370	280007	5522	1000
29/03/2016	2000	2000	2000	2000	14000	3	34994	410970	7	1000
30/03/2016	2000	2000	2000	2000	2840000	3	43574	410970	1420	1000
31/03/2016	2000	2000	2100	2000	2845000	5	41434	410770	1420	1000
01/04/2016	2000	2000	2000	2000	33156000	16	15596	476410	16578	1000
04/04/2016	2000	2100	2100	2100	3849300	9	15213	489016	1833	1050
05/04/2016	2100	2020	2050	2000	17536500	9	1247	483190	8666	1010
06/04/2016	2020	2020	0	0	0	0	18050	6979	0	1010
08/04/2016	2020	2000	2000	2000	66100000	10	5000	482515	33050	1000
11/04/2016	2000	2000	2000	2000	25380000	6	51050	488465	12690	1000
12/04/2016	2000	2050	2050	2000	200963500	6	106660	488465	98140	1025
13/04/2016	2050	2100	2100	2100	525000	1	58130	10890	250	1050
14/04/2016	2100	2100	2100	2100	1638000	2	7470	910	780	1050
19/04/2016	2050	2040	2100	2000	4327000	3	6824	4406	2120	1020
20/04/2016	2040	2050	2050	2050	82000	1	17264	20460	40	1025
21/04/2016	2050	2020	2020	2020	1010000	3	12384	240	500	1010
22/04/2016	2020	2000	2020	2000	54872050	23	27405	0	27434	1000
25/04/2016	2000	2000	2010	2000	18696800	10	48090	17	9327	1000
27/04/2016	2000	2000	2000	2000	46580000	7	4800	62	23290	1000
28/04/2016	2000	2000	0	0	0	0	4900	62	0	1000
29/04/2016	2000	2050	2050	2000	92000	2	9903	0	45	1025
02/05/2016	2050	2030	2100	2000	8004600	8	8912	6148	3952	1015
03/05/2016	2030	2070	2200	2050	1575700	5	7962	5686	762	1035
04/05/2016	2070	2070	2070	2070	2546100	1	43245	33596	1230	1035
05/05/2016	2070	2050	2070	2050	605344700	28	95481	33596	295290	1025
06/05/2016	2050	2050	2050	2050	207050000	5	26294	27910	101000	1025
09/05/2016	2050	2050	2050	2050	5104500	3	168283	0	2490	1025
10/05/2016	2050	2060	2070	2050	78733230	8	27191	35620	38270	1030
11/05/2016	2060	2020	2060	2000	3127060	3	6500	33598	1551	1010
12/05/2016	2020	2010	2050	2000	6486000	6	24740	36483	3230	1005
13/05/2016	2010	2000	2000	2000	3600000	3	22940	1093	1800	1000
16/05/2016	2000	2000	2000	2000	4226000	7	30845	1000	2113	1000
17/05/2016	2000	2050	2050	2000	22094050	14	38954	36520	10801	1025
18/05/2016	2050	2050	2050	2050	15241750	9	41970	33702	7435	1025
19/05/2016	2050	2040	2050	2040	38361300	7	8440	28462	18770	1020
20/05/2016	2040	2040	0	0	0	0	8440	1582	0	1020
23/05/2016	2040	2050	2060	2040	5565450	8	11620	602	2710	1025
24/05/2016	2050	2060	2060	2050	109960800	10	32620	27910	53380	1030
25/05/2016	2060	2050	2060	2050	1792718800	19	0	30560	874486	1025
26/05/2016	2050	2050	2050	2050	311163350	16	0	27910	151787	1025
27/05/2016	2050	2050	0	0	0	0	5000	19310	0	1025
30/05/2016	2050	1980	2000	1900	22620000	12	8100	37810	11410	990
31/05/2016	1980	1920	1980	1900	959000	3	12800	37810	500	960
01/06/2016	1920	1920	1920	1900	89122000	10	16820	37810	46480	960
02/06/2016	1920	1910	1920	1900	57761000	10	4765	31320	30210	955
03/06/2016	1910	1910	1910	1900	19797000	6	1885	3110	10380	955
06/06/2016	1910	1900	1900	1900	3420000	1	845	5690	1800	950
07/06/2016	1900	1900	1900	1900	2128000	4	12000	5970	1120	950
08/06/2016	1900	1860	1920	1850	22699500	12	1430	7294	12222	930
09/06/2016	1860	1850	1920	1850	2691300	3	262	11540	1454	925
10/06/2016	1850	1900	1900	1800	835496700	24	3500	9412	439883	950
13/06/2016	1900	1900	0	0	0	0	3500	4002	0	950
14/06/2016	1900	1900	0	0	0	0	3500	74002	0	950
15/06/2014	1900	1800	1800	1800	6300000	2	0	74102	3500	900
16/06/2016	1800	1800	1800	1800	1872000	3	0	70616	1040	900
17/06/2016	1800	1850	1900	1850	51266000	4	10000	1130	27710	925
20/06/2016	1850	1800	1800	1800	1899000	3	0	77091	1055	900
21/06/2016	1800	1700	1710	1700	121385000	5	0	6784	71400	850
23/06/2016	1700	1600	1800	1600	13397500	12	7182	8850	8119	800
24/06/2016	1600	1680	1700	1600	7269000	10	19289	5170	4370	840
27/06/2016	1680	1680	1800	1610	11559600	9	20961	1620	6880	840
28/06/2016	1680	1600	1700	1600	136500	4	70340	1620	85	800
29/06/2016	1600	1600	1600	1600	12000000	2	62868	1620	7500	800
30/06/2016	1600	1600	1600	1600	1334706300	3	295946	1620	808916	800
01/07/2016	1600	1650	1800	1650	332176500	5	507536	0	201310	825
04/07/2016	1650	1650	1650	1650	1650000	1	320210	300	1000	825
05/07/2016	1650	1650	1660	1650	7591900	5	247768	0	4600	825
08/07/2016	1650	1690	1690	1650	18613800	7	20480	1	11038	845
11/07/2016	1690	1700	1700	1650	2806650	3	69322	0	1651	850
12/07/2016	1700	1700	0	0	0	0	89202	0	0	850
13/07/2016	1700	1710	1710	1700	5783200	4	86510	2	3382	855
14/07/2016	1710	1710	0	0	0	0	86530	2	0	855
15/07/2016	1710	1710	1710	1710	2941200	5	63220	2	1720	855
18/07/2016	1710	1710	1700	1700	3400	1	51883	0	2	855
19/07/2016	1710	1800	1910	1720	17373230	15	117107	0	9651	900
20/07/2016	1800	2000	2000	2000	26246000	9	116629	0	13123	1000
21/07/2016	2000	2150	2150	2030	26927500	6	139100	0	13250	1075
22/07/2016	2150	2150	2150	2150	98900000	3	94100	0	46000	1075
25/07/2016	2150	2150	2150	2150	3332048500	6	53650	4	1549790	1075
26/07/2016	2150	2150	2150	2150	8600000	4	42880	5004	4000	1075
27/07/2016	2150	2150	2150	2150	3983950	3	41180	10881	1853	1075
28/07/2016	2150	2410	2470	2170	33685700	11	58380	1440	14445	1205
29/07/2016	2410	2470	2470	2470	3564210	2	0	0	1443	1235
01/08/2016	2470	2710	2710	2490	7681967900	4	91360	3006	3200770	1355
02/08/2016	2710	2540	2710	2490	53415890	19	80560	5976	21041	1270
03/08/2016	2540	2500	2550	2500	888173500	7	88325	7476	355170	1250
04/08/2016	2500	2560	2570	2560	19163920	7	69175	8196	7482	1280
05/08/2016	2560	2560	2570	2540	6652080	9	12770	3508	2595	1280
09/08/2016	2560	2570	2710	2570	3380950	3	8390	10543	1315	1285
10/08/2016	2570	2710	2710	2570	31389510	13	8330	34502	11583	1355
11/08/2016	2710	2710	2710	2710	35452220	7	7933	48360	13082	1355
12/08/2016	2710	2710	2800	2700	977125730	20	20320	2701	360520	1355
15/08/2016	2710	2740	2740	2710	16494850	9	12370	9680	6025	1370
16/08/2016	2740	2740	2740	2710	22225700	9	0	10650	8120	1370
17/08/2016	2740	2730	2740	2710	31642080	9	0	0	11588	1365
18/08/2016	2730	2750	2800	2740	16240480	7	16225	2318	5902	1375
19/08/2016	2750	2750	2760	2750	12114000	2	27825	5318	4400	1375
22/08/2016	2750	2760	2800	2750	27190040	13	37808	3000	9837	1380
23/07/2016	2760	2800	2800	2760	18154800	10	20008	4252	6490	1400
24/08/2016	2800	2760	2800	2750	33001920	13	8406	29720	11962	1380
25/08/2016	2760	2780	2800	2760	18656400	13	8555	36630	6710	1390
26/08/2016	2780	2770	2770	2750	247221700	10	2825	24450	89320	1385
29/08/2016	2770	2750	2760	2750	12447000	7	2005	8240	4520	1375
30/08/2016	2750	2750	2750	2750	33385000	6	2000	4370	12140	1375
31/08/2016	2750	2750	2750	2500	11443000	13	0	8214	4382	1375
01/09/2016	2750	2750	2750	2750	24860000	8	0	8774	9040	1375
02/09/2016	2750	2750	2750	2750	1490500	18	186	12310	542	1375
05/09/2016	2750	2750	0	0	0	0	170	17280	0	1375
06/09/2016	2750	2750	0	0	0	0	7	33560	0	1375
07/09/2016	2750	2750	0	0	0	0	7	26880	0	1375
08/09/2016	2750	2750	2480	2480	16343200	3	89	21560	6590	1375
09/09/2016	2750	2750	2750	2500	3495160	5	82	33961	1307	1375
13/09/2016	2750	2750	0	0	0	0	0	36463	0	1375
14/09/2016	2750	2750	0	0	0	0	0	68869	0	1375
15/09/2016	2750	2750	0	0	0	0	0	101277	0	1375
16/09/2016	2750	2750	2440	2440	5648600	7	0	96836	2315	1375
19/09/2016	2750	2750	2440	2420	972040	3	0	82235	401	1375
20/09/2016	2750	2750	2440	2440	4880	1	0	77595	2	1375
21/09/2016	2750	2750	0	0	0	0	0	86411	0	1375
22/09/2016	2750	2750	0	0	0	0	0	84981	0	1375
23/09/2016	2750	2750	2400	2400	6000000	1	0	56750	2500	1375
26/09/2016	2750	2750	2380	2380	7282800	9	5	40510	3060	1375
27/09/2016	2750	2750	2380	2380	49980	5	0	36240	21	1375
28/09/2016	2750	2750	2380	2380	737800	1	0	36030	310	1375
29/09/2016	2750	2750	0	0	0	0	0	51980	0	1375
30/09/2016	2750	2750	0	0	0	0	0	29400	0	1375
03/10/2016	2750	2750	2360	2360	32190400	7	0	60602	13640	1375
04/10/2016	2750	2750	0	0	0	0	0	76674	0	1375
05/10/2016	2750	2750	0	0	0	0	0	77174	0	1375
06/10/2016	2750	2750	0	0	0	0	0	74384	0	1375
07/10/2016	2750	2750	2360	2360	438960	2	0	75898	186	1375
10/10/2016	2750	2750	2360	2360	361080	2	0	38626	153	1375
11/10/2016	2750	2750	0	0	0	0	0	43303	0	1375
12/10/2016	2750	2750	2360	2360	431880	7	0	80980	183	1375
	2750	2750	0	0	0	0	0	102692	0	1375
16/10/2016	2750	2750	2360	2360	483800	3	2	110962	205	1375
18/10/2016	2750	2750	0	0	0	0	0	85018	0	1375
19/10/2016	2750	2750	2360	2360	94400	1	0	107515	40	1375
20/10/2016	2750	2750	2360	2360	141600	1	0	136464	60	1375
21/10/2016	2750	2750	2360	2360	0	0	0	157658	0	1375
24/10/2016	2750	2750	2360	2360	94400	1	0	159668	40	1375
	2750	2750	0	0	0	0	0	110389	0	1375
26/10/2016	2750	2750	2360	2360	25960	2	0	124618	11	1375
27/10/2016	2750	2750	2360	2360	8260000	1	0	150230	3500	1375
28/10/2016	2750	2750	2360	2360	1486800	2	0	133882	630	1375
29/10/2016	2750	2750	2360	2360	2360000	1	0	148382	1000	1375
01/11/2016	2750	2750	0	0	0	0	0	155738	0	1375
02/11/2016	2750	2750	2360	2360	1493880	3	0	133055	633	1375
03/11/2016	2750	2750	2360	2360	205320	4	0	100508	87	1375
04/11/2016	2750	2750	0	0	0	0	0	95856	0	1375
07/11/2016	2750	2750	0	0	0	0	0	81906	0	1375
08/11/2016	2750	2750	0	0	0	0	0	47230	0	1375
09/11/2016	2750	2750	0	0	0	0	0	86724	0	1375
10/11/2016	2750	2750	2360	2360	292640	2	0	100181	124	1375
11/11/2016	2750	2750	2360	2360	59000	4	0	99396	25	1375
14/11/2016	2750	2750	2360	2360	70800	1	0	80696	30	1375
15/11/2016	2750	2750	0	0	0	0	0	155525	0	1375
16/11/2016	2750	2750	0	0	0	0	0	136709	0	1375
17/11/2016	2750	2750	2360	2360	906240	6	0	153637	384	1375
18/11/2016	2750	2750	2360	2360	608880	5	0	161833	258	1375
21/11/2016	2750	2750	0	0	0	0	0	159445	0	1375
22/11/2016	2750	2750	0	0	0	0	0	81635	0	1375
23/11/2016	2750	2750	0	0	0	0	0	83775	0	1375
24/11/2016	2750	2750	2360	2360	165200	2	0	93555	70	1375
25/11/2016	2750	2750	2360	2360	4342400	1	0	126096	1840	1375
27/11/2016	2750	2750	0	0	0	0	0	123604	0	1375
29/11/2016	2750	2750	0	0	0	0	0	177287	0	1375
30/11/2016	2750	2750	2360	2360	377600	1	0	106837	160	1375
01/12/2016	2750	2750	0	0	0	0	0	182657	0	1375
02/12/2016	2750	2750	0	0	0	0	0	163763	0	1375
05/12/2016	2750	2750	2360	2360	7080	1	0	162520	3	1375
06/12/2016	2750	2750	0	0	0	0	0	108810	0	1375
07/12/2016	2750	2750	2360	2360	61360	2	0	223410	26	1375
08/12/2016	2750	2750	0	0	0	0	0	209270	0	1375
13/12/2016	2750	2750	0	0	0	0	0	274474	0	1375
14/12/2016	2750	2750	0	0	0	0	0	126204	0	1375
15/11/2016	2750	2750	0	0	0	0	0	173059	0	1375
16/12/2016	2750	2750	0	0	0	0	0	230569	0	1375
19/12/2016	2750	2750	0	0	0	0	0	252379	0	1375
20/12/2016	2750	2750	2360	2360	769360	4	0	167230	326	1375
21/12/2016	2750	2750	0	0	0	0	0	367770	0	1375
22/12/2016	2750	2750	0	0	0	0	0	323950	0	1375
23/12/2016	2750	2750	0	0	0	0	0	291082	0	1375
27/12/2016	2750	2750	2360	2360	264320	3	0	276160	112	1375
28/12/2016	2750	2750	0	0	0	0	0	156510	0	1375
29/12/2016	2750	2750	2360	2360	188800	1	3	182780	80	1375
30/12/2016	2750	2750	2360	2360	1195656240	9	0	154393	506634	1375
03/01/2017	2750	2750	0	0	0	0	0	230569	0	1375
04/01/2017	2750	2750	0	0	0	0	0	142096	0	1375
05/01/2017	2750	2750	2360	2360	94400	1	0	115176	40	1375
06/01/2017	2750	2750	2360	2360	2449680	5	0	115760	1038	1375
09/01/2017	2750	2750	2360	2360	29736000	2	0	532261	12600	1375
10/01/2017	2750	2750	0	0	0	0	0	148193	0	1375
11/01/2017	2750	2750	0	0	0	0	0	515099	0	1375
13/01/2017	2750	2750	2360	2360	1720440	4	0	352648	729	1375
16/01/2017	2750	2750	0	0	0	0	0	111650	0	1375
17/01/2017	2750	2750	0	0	0	0	0	137340	0	1375
18/01/2017	2750	2750	2360	2360	802400	1	0	209450	340	1375
19/01/2017	2750	2750	2360	2360	236000	1	0	591300	100	1375
20/01/2017	2750	2750	0	0	0	0	0	562610	0	1375
23/01/2017	2750	2750	2360	2360	1699200	1	0	534030	720	1375
24/01/2017	2750	2750	0	0	0	0	0	497343	0	1375
25/01/2017	2750	2750	0	0	0	0	0	412943	0	1375
26/01/2017	2750	2750	2340	2340	4680000	4	0	171772	2000	1375
27/01/2017	2750	2750	0	0	0	0	0	538932	0	1375
30/01/2017	2750	2750	2340	2340	294840	3	0	591616	126	1375
31/01/2017	2750	2750	2340	2340	215280	2	0	536540	92	1375
01/02/2017	2750	2750	2340	2340	10202400	1	3	592530	4360	1375
02/02/2017	2750	2750	2340	2340	334620	2	0	504686	143	1375
03/02/2017	2750	2750	0	0	0	0	0	148736	0	1375
06/02/2017	2750	2750	2340	2340	234000	1	0	427026	100	1375
07/02/2017	2750	2750	2340	2340	60840	2	1	432500	26	1375
08/02/2017	2750	2750	2340	2340	2342340	3	0	91541	1001	1375
09/02/2017	2750	2750	0	0	0	0	0	153051	0	1375
10/02/2017	2750	2750	0	0	0	0	0	205371	0	1375
13/02/2017	2750	2750	2340	2340	210600	1	0	229591	90	1375
14/02/2017	2750	2750	0	0	0	0	0	252982	0	1375
15/02/2017	2750	2750	0	0	0	0	0	180764	0	1375
16/02/2017	2750	2750	2340	2340	7740720	7	0	180241	3308	1375
17/02/2017	2750	2750	0	0	0	0	0	271222	0	1375
20/02/2017	2750	2750	0	0	0	0	0	280102	0	1375
21/02/2017	2750	2750	0	0	0	0	0	289432	0	1375
22/02/2017	2750	2750	0	0	0	0	0	320607	0	1375
23/02/2017	2750	2750	2340	2340	12769380	8	2	246880	5457	1375
24/02/2017	2750	2750	2340	2340	4680	1	0	120843	2	1375
27/02/2017	2750	2750	0	0	0	0	0	158653	0	1375
28/02/2017	2750	2750	0	0	0	0	0	142303	0	1375
01/03/2017	2750	2750	2340	2340	678600	1	0	201893	290	1375
02/03/2017	2750	2750	2340	2340	4897620	2	0	269830	2093	1375
03/03/2017	2750	2750	2340	2340	58500000	12	0	237530	25000	1375
06/03/2017	2750	2750	2340	2340	6622200	10	0	181620	2830	1375
07/03/2017	2750	2750	2340	2340	4890600	1	0	200520	2090	1375
08/03/2017	2750	2750	0	0	0	0	0	175840	0	1375
09/03/2017	2750	2750	0	0	0	0	0	107760	0	1375
10/03/2017	2750	2750	0	0	0	0	0	104145	0	1375
13/03/2017	2750	2750	2340	2340	912600	1	0	116855	390	1375
14/03/2017	2750	2750	0	0	0	0	0	79365	0	1375
15/03/2017	2750	2750	0	0	0	0	0	56865	0	1375
16/03/2017	2750	2750	2340	2340	2340	1	0	73234	1	1375
17/03/2017	2750	2750	0	0	0	0	0	109060	0	1375
20/03/2017	2750	2750	0	0	0	0	0	93570	0	1375
21/03/2017	2750	2750	0	0	0	0	0	99480	0	1375
22/03/2017	2750	2750	2340	2340	187200	1	0	136704	80	1375
23/03/2017	2750	2750	0	0	0	0	0	118984	0	1375
24/03/2017	2750	2750	0	0	0	0	0	98494	0	1375
27/03/2017	2750	2750	0	0	0	0	0	118584	0	1375
28/03/2017	2750	2750	2340	2340	1872000	1	0	117134	800	1375
29/03/2017	2750	2750	0	0	0	0	0	70830	0	1375
30/03/2017	2750	2750	0	0	0	0	0	80000	0	1375
31/03/2017	2750	2750	0	0	0	0	0	55640	0	1375
03/04/2017	2750	2750	0	0	0	0	0	174063	0	1375
04/04/2017	2750	2750	2340	2340	66437280	5	0	144871	28392	1375
05/04/2017	2750	2750	2340	2340	30317040	3	0	123095	12956	1375
06/04/2017	2750	2750	2340	2340	49140	2	0	124414	21	1375
10/04/2017	2750	2750	0	0	0	0	0	68330	0	1375
11/04/2017	2750	2750	2340	2340	8496540	7	0	116870	3631	1375
12/04/2017	2750	2750	2340	2340	26067600	4	0	110640	11140	1375
18/04/2017	2750	2750	2340	2340	7488000	3	9	7310	3200	1375
19/04/2017	2750	2750	2340	2340	234000	1	9	101400	100	1375
20/04/2017	2750	2750	2340	2340	21060	3	0	185220	9	1375
21/04/2017	2750	2750	0	0	0	0	0	185220	0	1375
24/04/2017	2750	2750	2340	2340	9828000	3	0	181230	4200	1375
25/04/2017	2750	2750	2340	2340	1006200	3	0	179480	430	1375
27/04/2017	2750	2750	2340	2340	1001520	5	0	4270	428	1375
	2750	2750	0	0	0	0	0	51777	0	1375
02/05/2017	2750	2750	0	0	0	0	0	122230	0	1375
03/05/2017	2750	2750	2340	2340	1942200	2	0	122500	830	1375
04/05/2017	2750	2750	0	0	0	0	0	123500	0	1375
05/05/2017	2750	2750	2340	2340	8190000	3	0	81733	3500	1375
08/05/2017	2750	2750	2340	2340	966420	2	0	122250	413	1375
09/05/2017	2750	2750	2340	2340	4305600	2	0	57420	1840	1375
10/05/2017	2750	2750	0	0	0	0	0	133230	0	1375
11/05/2017	2750	2750	0	0	0	0	0	133230	0	1375
12/05/2017	2750	2750	0	0	0	0	0	117150	0	1375
15/05/2017	2750	2750	2340	2340	11817000	4	0	97657	5050	1375
16/05/2017	2750	2750	2340	2340	234000	1	0	91857	100	1375
17/05/2017	2750	2750	0	0	0	0	0	28437	0	1375
18/05/2017	2750	2750	2340	2340	2389140	7	0	28291	1021	1375
19/05/2017	2750	2750	2340	2340	2084940	4	0	87570	891	1375
22/05/2017	2750	2750	0	0	0	0	0	77420	0	1375
23/05/2017	2750	2750	0	0	0	0	0	132200	0	1375
24/05/2017	2750	2750	0	0	0	0	0	163505	0	1375
25/05/2017	2750	2750	0	0	0	0	0	105055	0	1375
26/05/2017	2750	2750	2340	2340	781560	2	0	104281	334	1375
29/05/2017	2750	2750	0	0	0	0	0	187121	0	1375
30/05/2017	2750	2750	0	0	0	0	0	157651	0	1375
31/05/2017	2750	2750	2340	2340	999180	3	0	117350	427	1375
01/06/2017	2750	2750	2340	2340	959400	1	0	155030	410	1375
02/06/2017	2750	2750	2340	2340	4490460	4	1	180830	1919	1375
05/06/2017	2750	2750	2340	2340	2340	1	0	99850	1	1375
06/06/2017	2750	2750	2340	2340	7020	1	0	156559	3	1375
07/06/2017	2750	2750	2340	2340	702000	1	0	147709	300	1375
08/06/2017	2750	2750	0	0	0	0	0	123279	0	1375
09/06/2017	2750	2750	0	0	0	0	0	97449	0	1375
12/06/2017	2750	2750	2340	2340	145080	3	0	187017	62	1375
13/06/2017	2750	2750	0	0	0	0	0	105230	0	1375
14/06/2017	2750	2750	2340	2340	46800000	13	0	161047	20000	1375
15/06/2017	2750	2750	2340	2340	60091200	20	0	201087	25680	1375
16/06/2017	2750	2750	2340	2340	70434000	20	0	130620	30100	1375
19/06/2017	2750	2750	2340	2340	585000	1	0	149132	250	1375
20/06/2017	2750	2750	2340	2340	264420	5	0	185623	113	1375
21/06/2017	2750	2750	2340	2340	2791620	8	0	180530	1193	1375
22/06/2017	2750	2750	0	0	0	0	0	129368	0	1375
23/06/2017	2750	2750	0	0	0	0	0	122428	0	1375
28/06/2017	2750	2750	2340	2340	60840	3	0	142122	26	1375
29/06/2017	2750	2750	0	0	0	0	0	129820	0	1375
30/06/2017	2750	2750	0	0	0	0	0	148590	0	1375
03/07/2017	2750	2750	0	0	0	0	0	196360	0	1375
04/07/2017	2750	2750	2340	2340	2129400	7	1	195950	910	1375
05/07/2017	2750	2750	0	0	0	0	1	77640	0	1375
06/07/2017	2750	2750	2340	2340	49048740	12	0	148335	20961	1375
10/07/2017	2750	2750	2340	2340	243360	2	0	125611	104	1375
11/07/2017	2750	2750	2340	2340	7394400	7	0	154154	3160	1375
12/07/2017	2750	2750	2340	2340	2340	1	0	160453	1	1375
13/07/2017	2750	2750	0	0	0	0	0	87192	0	1375
14/07/2017	2750	2750	2340	2340	11730420	7	0	171328	5013	1375
17/07/2017	2750	2750	2340	2340	299520	5	2	147190	128	1375
18/07/2017	2750	2750	2340	2340	4680	1	0	92260	2	1375
19/07/2017	2750	2750	0	0	0	0	0	87900	0	1375
20/07/2017	2750	2750	0	0	0	0	0	159704	0	1375
21/07/2017	2750	2750	0	0	0	0	0	101914	0	1375
24/07/2017	2750	2750	0	0	0	0	0	210576	0	1375
25/07/2017	2750	2750	0	0	0	0	0	158832	0	1375
26/07/2017	2750	2750	2340	2340	117000	1	0	212672	50	1375
27/07/2017	2750	2750	0	0	0	0	0	205382	0	1375
28/07/2017	2750	2750	0	0	0	0	0	182542	0	1375
31/07/2017	2750	2750	2340	2340	964080	3	6	107910	412	1375
01/08/2017	2750	2750	2340	2340	248040	2	0	186825	106	1375
02/08/2017	2750	2750	2340	2340	93600	1	0	130995	40	1375
03/08/2017	2750	2750	0	0	0	0	0	192466	0	1375
04/08/2017	2750	2750	0	0	0	0	0	203016	0	1375
07/08/2017	2750	2750	2340	2340	18720	5	0	222678	8	1375
09/08/2017	2750	2750	0	0	0	0	0	184498	0	1375
10/08/2017	2750	2750	0	0	0	0	0	171630	0	1375
11/08/2017	2750	2750	0	0	0	0	0	148130	0	1375
14/08/2017	2750	2750	2340	2340	23540400	7	0	153980	10060	1375
15/08/2017	2750	2750	2340	2340	351000	2	0	240530	150	1375
16/08/2017	2750	2750	0	0	0	0	1	194660	0	1375
17/08/2017	2750	2750	0	0	0	0	1	163590	0	1375
18/08/2017	2750	2750	2340	2340	119340	2	0	189297	51	1375
21/08/2017	2750	2750	2340	2340	140400	1	0	85727	60	1375
22/08/2017	2750	2750	0	0	0	0	0	80747	0	1375
23/08/2017	2750	2750	2340	2340	585000	1	0	136137	250	1375
24/08/2017	2750	2750	2340	2340	93600	1	0	222365	40	1375
25/08/2017	2750	2750	0	0	0	0	0	209688	0	1375
28/08/2017	2750	2750	0	0	0	0	0	289808	0	1375
29/08/2017	2750	2750	2340	2340	1755000	6	0	256866	750	1375
31/08/2017	2750	2750	2340	2340	1895400	1	0	222275	810	1375
04/09/2017	2750	2750	0	0	0	0	0	221863	0	1375
05/09/2017	2750	2750	0	0	0	0	0	303653	0	1375
06/09/2017	2750	2750	2340	2340	187200	1	0	257608	80	1375
11/09/2017	2750	2750	0	0	0	0	0	325770	0	1375
13/09/2017	2750	2750	0	0	0	0	0	322331	0	1375
14/09/2017	2750	2750	0	0	0	0	0	293895	0	1375
15/09/2017	2750	2750	0	0	0	0	0	314802	0	1375
18/09/2017	2750	2750	0	0	0	0	0	313775	0	1375
19/09/2017	2750	2750	0	0	0	0	0	325395	0	1375
20/09/2017	2750	2750	0	0	0	0	0	228274	0	1375
21/09/2017	2750	2750	2340	2340	500760	3	0	223190	214	1375
22/09/2017	2750	2750	0	0	0	0	0	98103	0	1375
25/09/2017	2750	2750	0	0	0	0	0	209482	0	1375
26/09/2017	2750	2750	0	0	0	0	0	217862	0	1375
27/09/2017	2750	2750	0	0	0	0	0	255935	0	1375
28/09/2017	2750	2750	0	0	0	0	0	238745	0	1375
29/09/2017	2750	2750	0	0	0	0	0	304466	0	1375
02/09/2017	2750	2750	0	0	0	0	0	223744	0	1375
03/09/2017	2750	2750	0	0	0	0	0	203744	0	1375
04/10/2017	2750	2750	0	0	0	0	0	165671	0	1375
05/10/2017	2750	2750	0	0	0	0	0	228621	0	1375
06/10/2018	2750	2750	0	0	0	0	0	152990	0	1375
09/10/2017	2750	2750	0	0	0	0	0	238489	0	1375
10/10/2017	2750	2750	2340	2340	7020	2	0	240396	3	1375
11/10/2017	2750	2750	0	0	0	0	0	369056	0	1375
12/10/2017	2750	2750	0	0	0	0	0	314186	0	1375
13/10/2017	2750	2750	0	0	0	0	0	345606	0	1375
16/10/2017	2750	2750	0	0	0	0	0	209420	0	1375
17/10/2017	2750	2750	0	0	0	0	0	335449	0	1375
18/10/2017	2750	2750	0	0	0	0	0	213959	0	1375
19/10/2017	2750	2750	0	0	0	0	0	458079	0	1375
20/10/2017	2750	2750	0	0	0	0	0	501184	0	1375
23/10/2017	2750	2750	2340	2340	29278080	7	0	481752	12512	1375
24/10/2017	2750	2750	0	0	0	0	0	366615	0	1375
25/10/2017	2750	2750	0	0	0	0	0	464022	0	1375
26/10/2017	2750	2750	0	0	0	0	0	220226	0	1375
27/10/2017	2750	2750	0	0	0	0	0	225043	0	1375
30/10/2017	2750	2750	0	0	0	0	0	354662	0	1375
31/10/2017	2750	2750	2340	2340	1404000	6	0	369738	600	1375
01/11/2017	2750	2750	2340	2340	28080	2	0	323511	12	1375
02/11/2017	2750	2750	0	0	0	0	0	603771	0	
03/11/2017	2750	2750	0	0	0	0	0	544495	0	1375
06/11/2017	2750	2750	0	0	0	0	0	407106	0	1375
07/11/2017	2750	2750	0	0	0	0	0	598749	0	1375
08/11/2017	2750	2750	2340	2340	1170000	1	0	459779	500	1375
09/11/2017	2750	2750	2340	2340	140400	1	0	393099	60	1375
10/11/2017	2750	2750	2340	2340	468000	1	0	399609	200	1375
13/11/2017	2750	2750	0	0	0	0	0	387998	0	1375
14/11/2017	2750	2750	0	0	0	0	0	307539	0	1375
15/11/2017	2750	2750	2340	2340	11700	1	0	303254	5	1375
16/11/2017	2750	2750	0	0	0	0	0	250877	0	1375
17/11/2017	2750	2750	0	0	0	0	0	328777	0	1375
20/11/2017	2750	2750	2340	2340	11700	1	0	514597	5	1375
23/11/2017	2750	2750	0	0	0	0	0	412611	0	1375
22/11/2017	2750	2750	0	0	0	0	0	395631	0	1375
23/11/2017	2750	2750	2340	2340	140400	1	0	341763	60	1375
24/11/2017	2750	2750	2340	2340	67860	4	0	273131	29	1375
27/11/2017	2750	2750	0	0	0	0	0	202863	0	1375
28/11/2017	2750	2750	2340	2340	168480	2	0	409587	72	1375
29/11/2017	2750	2750	2340	2340	14040	2	0	400959	6	1375
30/11/2017	2750	2750	0	0	0	0	0	480799	0	1375
04/12/2017	2750	2750	0	0	0	0	0	375348	0	1375
05/12/2017	2750	2750	0	0	0	0	0	278681	0	1375
06/12/2017	2750	2750	0	0	0	0	0	316021	0	1375
07/12/2017	2750	2750	2340	2340	234000	4	0	313451	100	1375
08/12/2017	2750	2750	0	0	0	0	0	221281	0	1375
11/12/2017	2750	2750	0	0	0	0	0	200001	0	1375
12/12/2017	2750	2750	2340	2340	5499000	3	0	357218	2350	1375
13/12/2017	2750	2750	0	0	0	0	0	228197	0	1375
14/12/2017	2750	2750	0	0	0	0	0	247817	0	1375
15/12/2017	2750	2750	2340	2340	631800	3	0	247047	270	1375
18/12/2017	2750	2750	0	0	0	0	0	190432	0	1375
19/12/2017	2750	2750	0	0	0	0	0	81310	0	1375
20/12/2017	2750	2750	0	0	0	0	0	92850	0	1375
21/12/2017	2750	2750	0	0	0	0	0	66710	0	1375
22/12/2017	2750	2750	2340	2340	982800	2	0	196330	420	1375
27/12/2017	2750	2750	2340	2340	234000	1	2	257750	100	1375
28/12/2017	2750	2750	0	0	0	0	2	264140	0	1375
29/12/2017	2750	2750	0	0	0	0	2	253930	0	1375
02/01/2018	2750	2750	2340	2340	491400	1	0	0	210	1375
03/01/2018	2750	2750	0	0	0	0	6	320670	0	1375
04/01/2018	2750	2750	2340	2340	7020	1	3	317630	3	1375
05/01/2018	2750	2750	0	0	0	0	3	371600	0	1375
08/01/2018	2750	2750	2340	2340	7020	1	0	505558	3	1375
09/01/2018	2750	2750	2340	2340	702000	2	0	287738	300	1375
10/01/2018	2750	2750	0	0	0	0	0	291718	0	1375
11/01/2018	2750	2750	0	0	0	0	0	237990	0	1375
15/01/2018	2750	2750	0	0	0	0	0	267700	0	1375
16/01/2018	2750	2750	0	0	0	0	0	139912	0	1375
17/01/2018	2750	2750	2340	2340	9360	2	0	537596	4	1375
18/01/2018	2750	2750	2340	2340	2349360	4	0	503272	1004	1375
19/01/2018	2750	2750	0	0	0	0	0	508172	0	1375
22/01/2018	2750	2750	0	0	0	0	0	418322	0	1375
23/01/2018	2750	2750	0	0	0	0	0	0	0	1375
24/01/2018	2750	2750	0	0	0	0	0	115350	0	1375
25/01/2018	2750	2750	0	0	0	0	0	104000	0	1375
26/01/2018	2750	2750	0	0	0	0	0	106970	0	1375
29/01/2018	2750	2750	0	0	0	0	0	281056	0	1375
31/01/2018	2750	2750	0	0	0	0	3	462860	0	1375
01/02/2018	2750	2750	0	0	0	0	3	628500	0	1375
02/02/2018	2750	2750	0	0	0	0	3	632170	0	1375
05/02/2018	2750	2750	0	0	0	0	3	466350	0	1375
06/02/2018	2750	2750	2340	2340	585000	1	0	379930	250	1375
07/02/2018	2750	2750	0	0	0	0	0	315876	0	1375
08/02/2018	2750	2750	0	0	0	0	0	150636	0	1375
09/02/2018	2750	2750	2340	2340	13541580	5	0	488490	5787	1375
12/02/2018	2750	2750	0	0	0	0	0	480240	0	1375
13/02/2018	2750	2750	0	0	0	0	0	372430	0	1375
14/02/2018	2750	2750	0	0	0	0	0	360100	0	1375
15/01/2018	2750	2750	0	0	0	0	0	359700	0	1375
16/02/2018	2750	2750	0	0	0	0	0	18060	0	1375
19/02/2018	2750	2750	2340	2340	95940	2	8	293520	41	1375
20/02/2018	2750	2750	0	0	0	0	8	283600	0	1375
21/02/2018	2750	2750	0	0	0	0	8	282470	0	1375
22/02/2018	2750	2750	2340	2340	11700	2	3	296120	5	1375
23/02/2018	2750	2750	0	0	0	0	3	294120	0	1375
26/02/2018	2750	2750	0	0	0	0	0	18630	0	1375
27/02/2018	2750	2750	0	0	0	0	0	255429	0	1375
28/02/2018	2750	2750	2340	2340	147420	3	0	247565	63	1375
01/03/2018	2750	2750	0	0	0	0	0	240605	0	1375
02/03/2018	2750	2750	0	0	0	0	0	241175	0	1375
05/03/2018	2750	2750	0	0	0	0	0	293737	0	1375
06/03/2018	2750	2750	0	0	0	0	0	56531	0	1375
07/03/2018	2750	2750	0	0	0	0	0	264748	0	1375
08/03/2018	2750	2750	0	0	0	0	0	305208	0	1375
12/03/2018	2750	2750	0	0	0	0	0	376804	0	1375
13/03/2018	2750	2750	0	0	0	0	0	408495	0	1375
14/03/2018	2750	2750	0	0	0	0	0	202679	0	1375
15/03/2018	2750	2750	0	0	0	0	0	338225	0	1375
16/03/2018	2750	2750	0	0	0	0	0	236327	0	1375
19/03/2018	2750	2750	0	0	0	0	0	228837	0	1375
20/03/2018	2750	2750	2340	2340	98280	3	0	197145	42	1375
21/03/2018	2750	2750	2340	2340	2176200	1	0	192245	930	1375
22/03/2018	2750	2750	0	0	0	0	0	2460	0	1375
23/03/2018	2750	2750	0	0	0	0	0	137700	0	1375
26/03/2018	2750	2750	0	0	0	0	0	230840	0	1375
28/03/2018	2750	2750	0	0	0	0	0	230840	0	1375
29/03/2018	2750	2750	0	0	0	0	0	230080	0	1375
03/04/2018	2750	2750	2340	2340	23400	1	2	143180	10	1375
04/04/2018	2750	2750	2340	2340	4680	1	0	190880	2	1375
03/04/2016	2750	2750	2340	2340	23400	1	2	195740	10	1375
06/04/2018	2750	2750	0	0	0	0	2	195740	0	1375
09/04/2018	2750	2750	2340	2340	117000	1	2	195690	50	1375
10/04/2018	2750	2750	0	0	0	0	2	52570	0	1375
11/04/2018	2750	2750	2340	2340	4680	1	0	140287	2	1375
12/04/2018	2750	2750	0	0	0	0	0	0	0	1375
13/04/2018	2750	2750	0	0	0	0	0	177517	0	1375
16/04/2018	2750	2750	0	0	0	0	0	179687	0	1375
17/04/2018	2750	2750	0	0	0	0	0	189897	0	1375
18/04/2018	2750	2750	0	0	0	0	0	54480	0	1375
19/04/2018	2750	2750	2340	2340	4680	1	0	139017	2	1375
20/04/2018	2750	2750	0	0	0	0	0	200663	0	1375
23/04/2018	2750	2750	0	0	0	0	0	198493	0	1375
24/04/2018	2750	2750	0	0	0	0	0	188283	0	1375
25/04/2018	2750	2750	0	0	0	0	0	188283	0	1375
27/04/2018	2750	2750	0	0	0	0	0	82420	0	1375
30/04/2018	2750	2750	2340	2340	2574000	2	0	312353	1100	1375
02/05/2018	2750	2750	2340	2340	2340000	1	0	347663	1000	1375
03/05/2018	2750	2750	0	0	0	0	0	311803	0	1375
04/05/2018	2750	2750	0	0	0	0	0	313953	0	1375
07/05/2018	2750	2750	0	0	0	0	0	199160	0	1375
08/05/2018	2750	2750	2340	2340	2737800	3	0	195820	1170	1375
09/05/2018	2750	2750	2340	2340	23400	1	0	189270	10	1375
10/05/2018	2750	2750	0	0	0	0	0	384455	0	1375
11/05/2018	2750	2750	0	0	0	0	0	377165	0	1375
14/05/2018	2750	2750	2340	2340	2293200	1	0	297401	980	1375
15/05/2018	2750	2750	2340	2340	15537600	16	0	305771	6640	1375
16/05/2018	2750	2750	0	0	0	0	0	396791	0	1375
17/05/2018	2750	2750	2340	2340	23400000	8	0	216899	10000	1375
18/05/2018	2750	2750	0	0	0	0	0	283389	0	1375
21/05/2018	2750	2750	2340	2340	397800	1	0	282793	170	1375
22/05/2018	2750	2750	2340	2340	568620	2	2	201370	243	1375
23/05/2018	2750	2750	2340	2340	2340000	2	2	255570	1000	1375
24/05/2018	2750	2750	0	0	0	0	2	277540	0	1375
25/05/2018	2750	2750	0	0	0	0	2	122820	0	1375
28/05/2018	2750	2750	2340	2340	4680	1	0	231650	2	1375
29/05/2018	2750	2750	0	0	0	0	0	232650	0	1375
30/05/2018	2750	2750	0	0	0	0	0	146070	0	1375
31/05/2018	2750	2750	2340	2340	4680	1	0	198003	2	1375
01/06/2018	2750	2750	0	0	0	0	0	198423	0	1375
04/06/2018	2750	2750	0	0	0	0	0	91173	0	1375
05/06/2018	2750	2750	0	0	0	0	0	112113	0	1375
06/06/2018	2750	2750	0	0	0	0	0	112113	0	1375
07/06/2018	2750	2750	2340	2340	23400	1	0	392940	10	1375
08/06/2018	2750	2750	0	0	0	0	0	473890	0	1375
11/06/2018	2750	2750	0	0	0	0	0	482383	0	1375
12/06/2018	2750	2750	2340	2340	95940	2	0	459892	41	1375
13/06/2018	2750	2750	0	0	0	0	0	461692	0	1375
14/06/2018	2750	2750	0	0	0	0	0	102142	0	1375
18/06/2018	2750	2750	0	0	0	0	0	93650	0	1375
19/06/2018	2750	2750	0	0	0	0	0	97540	0	1375
20/06/2018	2750	2750	0	0	0	0	0	114790	0	1375
