Date 	"Opening Price
(TZS)"	"Closing Price
(TZS)"	High (TZS)	"Low
(TZS)"	"Turnover
(TZS)
"	"Number of 
deals"	"Outstanding
shares bids"	"Outstanding
Offers"	"Number of 
share 
traded
"	"Market Cap 
(TZS) 
Billions"
41641	2680	2680	2680	2680	14782880	6	0	26500	5516	96.48
41642	2680	2680	2680	2680	14589920	6	0	21100	5444	96.48
41645	0	0	0	0	0	0	0	23100	0	96.48
41646	2680	2680	2680	2680	17527200	12	0	20000	6540	96.48
41647	2680	2680	2680	2680	32441400	15	3500	10000	12105	96.48
41648	2680	2680	2680	2680	4020000	1	3200	10000	1500	96.48
41649	2700	2700	2700	2700	2700000	1	2300	0	"1,00"	97.2
41654	2700	2700	2700	2700	13880700	6	200	14300	5141	97.2
41655	2700	2700	2700	2700	4860000	1	200	12500	1800	97.2
41656	2680	2680	2680	2680	268000	1	0	12500	100	98.48
41659	0	0	0	0	0	0	0	12500	0	98.48
41660	2700	2700	2700	2700	15390000	4	0	0	5700	97.2
41661	2700	2700	2700	2700	18630000	5	0	0	6900	97.2
41662	0	0	0	0	0	0	100	0	0	97.2
41663	0	0	0	0	0	0	400	0	0	97.2
41666	0	0	0	0	0	0	700	0	0	97.2
41667	2700	2700	2700	2700	2853900	10	1200	0	1057	97.2
41668	2700	2700	2700	2700	3780000	2	0	3600	1400	97.2
41669	0	0	0	0	0	0	0	7600	0	97.2
41670	2700	2700	2700	2700	810000	1	0	7500	300	97.2
41673	2700	2700	2700	2700	2160000	1	0	6700	800	97.2
41674	0	0	0	0	0	0	0	4200	0	97.2
41675	2700	2700	2700	2700	202500	2	0	7100	75	97.2
41676	2700	2700	2700	2700	1350000	2	0	9700	500	97.2
41677	2700	2700	2700	2700	1633500	8	0	45600	605	97.2
41680	2700	2700	2700	2700	807300	6	0	45400	299	97.2
41681	2700	2700	2700	2700	4050000	2	0	39300	1500	97.2
41682	2700	2700	2700	2700	20790000	8	0	34100	7700	97.2
41683	0	0	0	0	0	0	0	4700	0	97.2
41684	2700	2700	2700	2700	3453300	4	0	35100	1279	97.2
41687	2700	2700	2700	2700	224100	4	0	35800	83	97.2
41688	0	0	0	0	0	0	0	34500	0	97.2
41689	0	0	0	0	0	0	0	33600	0	97.2
41690	2700	2700	2700	2700	191700	-	0	6000	71	97.2
41691	2700	2700	2700	2700	108000	1	0	37000	40	97.2
41694	2700	2700	2700	2700	2970000	1	0	36600	1100	97.2
41695	2700	2700	2700	2700	2808000	3	0	36000	1040	97.2
41696	2700	2700	2700	2700	12420000	10	0	31800	4600	97.2
41697	0	0	0	0	0	0	0	1100	0	97.2
41698	2700	2700	2700	2700	2700000	3	0	31200	1000	97.2
41701	2700	2700	2700	2700	5373000	9	0	37200	1990	97.2
41702	2700	2700	2700	2700	2700000	1	0	73200	1000	97.2
41703	2700	2700	2700	2700	21060000	5	0	74400	7800	97.2
41704	2700	2700	2700	2700	540000	1	0	45700	200	97.2
41705	2700	2700	2700	2700	226800	3	0	9600	84	97.2
41708	2700	2700	2700	2700	1811700	4	0	5600	671	97.2
41709	2700	2700	2700	2700	243000	5	0	1700	90	97.2
41710	0	0	0	0	0	0	0	30200	0	97.2
41711	2700	2700	2700	2700	137027700	5	0	29500	50751	97.2
41712	2700	2700	2700	2700	86238000	11	0	37700	31940	97.2
41715	2700	2700	2700	2700	3569400	5	0	36400	1322	97.2
41716	0	0	0	0	0	0	0	36500	0	97.2
41717	2700	2700	"2,700 2,700"	2700	2700000	1	0	8900	1000	97.2
2700	2700	2700	2700	2700	270000	1	0	8900	100	97.2
41719	2700	2700	2700	2700	3893400	5	0	28400	1442	97.2
41722	0	0	0	0	0	0	0	28400	0	97.2
41724	2700	2700	2700	2700	8370000	3	0	9300	3100	97.2
41725	2700	2700	2700	2700	2970000	4	0	23500	1100	97.2
41726	2700	2700	2700	2700	1350000	2	0	23500	500	97.2
41729	0	0	0	0	0	0	0	27400	0	97.2
41730	0	0	0	0	0	0	0	26900	0	97.2
41731	0	0	0	0	0	0	0	4400	0	97.2
41732	2700	2700	2700	2700	54000	1	0	4400	20	97.2
41733	2700	2700	2700	2700	388800	2	0	1000	144	97.2
41737	2700	2700	2700	2700	18918900	9	0	20200	7007	97.2
41738	2700	2700	2700	2700	18900	1	0	20200	7	97.2
41739	2700	2700	2700	2700	54810000	4	0	3300	20300	97.2
41740	2700	2700	2700	2700	291600	4	0	4400	108	97.2
41743	2700	2700	2700	2700	267300	2	0	4300	99	97.2
41744	2700	2700	2700	2700	267300	2	0	5200	99	97.2
41745	2700	2700	2700	2700	5405400	3	0	1500	2002	97.2
41746	2700	2700	2700	2700	21448800	8	0	700	7944	97.2
41751	0	0	0	0	0	0	0	700	0	97.2
41752	2700	2700	2700	2700	540000	2	0	600	200	97.2
41753	0	0	0	0	0	0	0	600	0	97.2
41754	0	0	0	0	0	0	0	0	0	97.2
41757	0	0	0	0	0	0	0	0	0	97.2
41758	2700	2700	2700	2700	64800	1	0	1800	24	97.2
41759	2700	2700	2700	2700	54000	1	0	1800	20	97.2
41761	0	0	0	0	0	0	0	1800	0	97.2
41764	2700	2700	2700	2700	132300	2	0	1800	49	97.2
41765	2700	2700	2700	2700	270000	1	0	600	100	97.2
41766	2700	2700	2700	2700	4719600	5	0	600	1748	97.2
41767	0	0	0	0	0	0	1200	1300	0	97.2
41768	2700	2700	2700	2700	4571100	7	1200	0	1693	97.2
41771	0	0	0	0	0	0	1600	0	0	97.2
41772	0	0	0	0	0	0	4500	0	0	97.2
41773	2700	2700	2700	2700	297000	2	5700	0	0	97.2
41774	2700	2700	2700	2700	83700	2	5900	0	31	97.2
41775	0	0	0	0	0	0	5500	0	0	97.2
41778	2700	2700	2700	2700	1188000	3	2600	0	440	97.2
41779	2700	2700	2700	2700	2700	1	7000	0	1	97.2
41780	2700	2700	2700	2700	19440000	9	1200	400	7200	97.2
41781	2700	2700	2700	2700	445500	5	1200	46300	165	97.2
41782	0	0	0	0	0	0	1200	53400	0	97.2
41785	0	0	0	0	0	0	1200	46400	0	97.2
41786	0	0	0	0	0	0	0	46100	0	97.2
41787	2600	2600	2600	2600	2860000	1	100	10900	1100	93.6
41788	2660	2660	2660	2660	266000	1	200	39000	100	95.76
41789	2660	2660	2660	2660	915040	4	100	49300	344	95.76
41792	0	0	0	0	0	0	100	49300	0	95.76
41793	0	0	0	0	0	0	0	38500	0	95.76
41795	2660	2680	2680	2660	1990640	4	900	38600	748	96.48
41796	2660	2660	2660	2660	858000	1	500	38600	100	96.48
41799	0	0	0	0	0	0	500	38600	0	96.48
41800	2680	2680	2680	2660	727520	2	600	35000	272	96.48
41801	0	0	0	0	0	0	100	10000	0	96.48
41802	2660	2660	2660	2660	449540	3	500	45800	169	95.76
41803	0	0	0	0	0	0	500	46000	0	95.76
41806	0	0	0	0	0	0	400	36000	0	95.76
41806	0	0	0	0	0	0	2200	36000	0	95.76
41808	2660	2660	2660	2660	5852000	3	0	9500	2200	95.76
41809	0	0	0	0	0	0	0	45500	0	95.76
41810	2660	2660	2660	2640	1964880	4	400	44800	742	95.76
41813	0	0	0	0	0	0	400	44800	0	95.76
41814	2640	2640	2640	2640	1135200	4	0	36000	430	95.04
41815	2640	2640	2640	2640	528000	1	0	0	200	95.04
41816	2640	2640	2640	2640	1056000	1	0	25400	400	95.04
41817	2640	2640	2640	2640	343200	5	0	530	130	95.04
41820	2640	2640	2640	2640	792000	2	0	2200	300	95.04
41821	0	0	0	0	0	0	0	0	0	95.04
41821	0	0	0	0	0	0	0	0	0	95.04
41823	0	0	0	0	0	0	0	0	0	95.04
41824	0	0	0	0	0	0	5210	0	0	95.04
41828	0	0	0	0	0	0	10210	0	0	95.04
41829	2640	2640	2640	2640	1599840	6	0	0	606	95.04
41830	2640	2640	2640	2640	25212000	7	0	0	9550	95.04
41831	2640	2640	2640	2640	4343760	5	0	0	1759	95.04
41834	2640	"2,640 2,640"	2640	528000	1	0	0	200	95.04	60
41835	0	0	0	0	0	0	0	0	0	95.04
41836	2640	2640	2660	2640	1222600	3	0	0	460	95.04
41837	0	0	0	0	0	0	0	0	0	95.04
41838	0	0	0	0	0	0	0	0	0	95.04
41841	0	0	0	0	0	0	0	0	0	95.04
41842	2660	2660	2660	2660	2375380	8	0	0	893	95.76
41843	0	0	0	0	0	0	0	0	0	95.76
41844	2700	2700	2700	2660	3014000	2	0	0	1120	95.2
41845	0	0	0	0	0	0	0	0	0	95.2
41848	2700	2640	2700	2640	3468480	7	0	0	1307	95.04
41851	2640	2640	2640	2640	211200	2	0	0	80	95.04
41852	2640	2640	2640	2640	1166880	2	0	0	442	95.04
41855	2640	2640	2640	2640	528000	1	0	0	200	95.04
41856	0	0	0	0	0	0	0	0	0	95.04
41857	0	0	0	0	0	0	0	0	0	95.04
41858	2640	2660	2660	2640	6368700	6	0	0	2395	95.76
41862	0	0	0	0	0	0	0	0	0	95.76
41863	2660	2660	2660	2660	26600	1	0	0	10	95.76
41864	2660	2690	2700	2660	3424540	12	0	0	1275	96.84
41865	0	0	0	0	0	0	0	0	0	96.84
41866	2700	2700	2700	2700	2351700	6	0	0	871	97.2
41869	0	0	0	0	0	0	0	0	0	97.2
41870	2720	2720	2720	2710	12331470	9	0	0	4537	97.92
41871	2800	2800	2800	2800	140000	1	0	0	50	100.8
41872	2800	2800	2800	2800	10483200	6	0	0	3744	100.8
41873	0	0	0	0	0	0	0	0	0	100.8
41876	2800	2800	2800	2800	140000	1	0	0	50	100.8
41877	0	0	0	0	0	0	0	0	0	101.52
41878	2860	2860	2860	2860	2628340	7	0	0	919	102.96
41879	0	0	0	0	0	0	0	0	0	102.96
41880	2880	2880	2880	2880	1843200	2	0	0	640	103.68
41883	0	0	0	0	0	0	0	0	0	103.68
41884	2880	2920	2920	2880	2601640	6	0	0	891	105.12
41885	3000	3000	3000	3000	1761000	4	0	0	587	108
41886	0	0	0	0	0	0	0	0	0	108
41887	0	0	0	0	0	0	0	0	0	108
41890	3050	3050	3050	3050	1342000	1	0	0	440	109.8
41891	0	0	0	0	0	0	0	0	0	109.8
41892	0	0	0	0	0	0	0	0	0	109.8
41893	3100	3140	3150	3100	9273100	3	0	0	2951	113.04
41894	0	0	0	0	0	0	61020	0	0	113.04
41897	0	0	0	0	0	0	61020	0	0	113.04
41898	3500	3500	3500	3500	35000000	3	10000	0	10000	126
41899	3700	3700	3700	3700	8880000	2	20980	2600	2400	133.2
41900	3700	3700	3700	3700	9668100	5	22610	0	2613	133.2
41901	3720	3720	3720	3720	2418000	3	26070	0	650	133.92
41904	0	0	0	0	0	0	27290	0	0	133.92
41905	3800	3760	3800	3740	1881400	4	21660	0	500	135.36
41906	0	0	0	0	0	0	4400	0	0	135.36
41907	3800	3800	3800	3760	1751760	4	13880	6	461	136.8
41908	0	0	0	0	0	0	9860	6	0	136.8
41911	3800	3900	4000	3800	176942000	13	0	26	45380	140.4
41912	0	0	0	0	0	0	1990	26	0	140.4
41913	4000	4150	4200	3760	36921500	13	29710	0	8906	149.4
41914	4300	4290	4300	4210	9528000	2	30090	0	2220	154.44
41915	4300	4300	4300	4300	2924000	1	31810	0	680	154.8
41918	0	0	0	0	0	0	33740	0	0	154.8
41919	4500	4500	4500	4500	22500000	3	39670	0	5000	162
41920	5000	5000	5000	5000	100000000	16	8830	0	20000	180
41921	5000	4980	5000	4510	86179300	11	7810	38470	17312	179.28
41922	5000	5000	5000	5000	2000000	1	25970	5000	400	180
41925	5500	5270	5500	5060	110052800	6	10970	34320	20880	189.72
41927	5270	5040	5060	5010	51706180	4	5500	29050	10268	181.44
41928	5040	5060	5060	5000	400243000	14	20080	0	79100	182.16
41929	5060	5060	5060	5040	170208920	7	0	0	33642	182.16
41932	5060	5060	5060	5060	52978200	5	0	40430	10470	182.16
41933	5060	5060	5060	5060	6072000	1	0	39230	1200	182.16
41934	5060	5060	5060	5060	19835200	7	0	193820	3920	182.16
41935	5060	5060	5060	5060	2325156020	4	0	570	459517	182.16
41936	5060	5060	5060	5060	607200	5	0	450	120	182.16
41939	0	5060	0	0	0	0	0	450	0	182.16
41940	5060	5060	5060	5060	2277000	1	390	0	450	182.16
41941	0	0	0	0	0	0	770	0	0	182.16
41942	5060	5060	5060	5060	43769000	11	0	18090	8650	182.16
41943	5060	5060	5060	5060	90093300	11	0	21000	17805	182.16
41946	5060	5060	5060	5060	2934800	2	0	20862	580	182.16
41947	5030	5060	5000	5060	5027880	9	850	24070	1000	181.08
41948	5010	5050	4980	5050	32207800	9	360	19920	6435	180.36
41949	5050	5050	5000	5050	1968000	3	0	21170	390	181.8
41950	5000	5000	5000	5000	4400000	5	0	1180	880	180
41953	5050	5050	5050	5050	101000	4	0	1160	20	181.8
41954	5060	5060	5050	5060	7285800	4	0	100	1440	182.16
41955	5040	5060	5000	5060	7295000	3	0	0	1447	181.44
41956	0	0	0	0	0	0	3980	100	0	181.44
41957	5000	5000	5000	5000	500000	1	2887	0	100	180
41960	5000	5000	5000	5000	500000	1	2785	0	100	180
41961	5000	5000	5000	5000	4400000	2	1905	0	880	180
41962	5080	5100	5050	5100	4270200	3	3965	19700	840	182.88
41963	5080	5080	5080	5080	2540000	1	1955	19700	500	182.88
41964	5090	5090	5080	5090	8231040	7	1120	20420	1618	183.24
41967	5080	5080	5080	5080	5689600	3	1000	22300	1120	182.88
41968	5000	5080	5000	5080	2316020	7	590	22291	463	180
41969	0	0	0	0	0	0	590	0	0	180
41970	5000	5060	5000		2151800	2	160	70	430	180
41971	5000	0	0	0	0	0	0	70	0	180
41974	5070	5100	5000	5100	3314600	6	3	19810	654	182.52
41975	5100	5100	5100	5100	5100	1	2	19810	1	183.6
41946	5100	5100	5100	5100	10200	1	0	20255	2	183.6
41977	5000	5000	5000		5770000	6	0	21208	1154	180
41978	5000	5000	5000	5000	65000	3	0	21195	13	180
41981	5000	5000	5000	5000	7325000	4	1900	19995	1465	180
41983	5100	5100	5100	5100	25500	2	1900	0	5	183.6
41954	5100	5100	5100	5100	7650000	1	1900	18020	1500	183.6
41985	5100	5100	5100	5100	11628000	3	0	18340	2280	183.6
41988	5100	5100	5100	5100	204000	1	0	18740	40	183.6
41989	4980	4980	4980	4980	2988000	1	0	19590	600	179.28
41990	4980	0	0	0	0	0	0	19590	0	179.28
41991	5000	5000	5000	5000	16450000	3	3710	600	3290	180
41992	5000	5000	5000	5000	3200000	4	5030	0	640	180
41995	5000	5000	5000	5000	8900000	1	3250	15700	1780	180
41996	5000	5000	5000	5000	1235000	5	3010	15700	247	180
41997	5000	0	0	0	0	0	3010	15700	0	180
42002	5100	5100	5100	5100	255000	1	0	15650	50	183.6
42003	5100	5100	5100		14586000	3	0	0	2860	183.6
42004	5010	5100	5000	5100	44465000	5	2280	11740	8870	180.36
42009	5100	5100	0	0	0	0	2280	11700	0	183.6
42010	5100	5000	5100	5000	2402000	4	0	11680	480	180
42011	5000	5000	0	0	0	0	0	5310	0	180
42012	5000	5000	5000	5000	2200000	1	5360	18980	440	180
42013	5000	5010	5050	5000	3005000	3	5710	18580	600	180.36
42017	5010	5020	5050	5000	15012500	4	4030	16670	2990	180.72
42018	5020	5070	5100	5000	7355000	5	6630	11670	1450	182.52
42019	5070	5100	5100	5000	20399000	5	3930	0	4000	183.6
42020	5100	5100	5100	5100	20145000	1	5020	6	3950	183.6
42023	5100	5100	5100	5100	39193500	7	4430	1	7685	183.6
42024	5100	5100	5100	5100	2259300	3	4770	0	443	183.6
42025	5100	5100	0	0	0	0	7270	9740	0	183.6
42026	5100	5240	5300	5200	106884000	9	4150	7	20390	188.64
42027	5240	5200	5200	5200	3640000	5	2890	7	700	187.2
42030	5200	5200	5250	5200	14649100	11	8063	1184	2802	187.2
42031	5200	5260	5300	5200	11619560	16	10070	0	2211	189.36
42032	5260	5240	5240	5200	2316000	3	11450	442	442	188.64
42033	5240	5240	0	0	0	0	10650	442	0	188.64
42034	5240	5240	0	0	0	0	9100	0	0	188.64
42037	5240	5280	5300	5250	7610000	2	9060	2	1440	190.08
42038	5280	5250	5280	5240	7248400	8	15770	6	1380	189
42039	5250	5260	5260	5240	5154700	7	15779	0	980	189.36
42040	5260	5260	5260	5260	2367000	2	16329	0	450	189.36
42041	5260	5270	5280	5260	20505940	22	4423	7	3892	189.72
42044	5270	5280	5280	5250	6919750	14	17931	0	1311	190.08
42045	5280	5280	5280	5250	2360130	3	18730	5	447	190.08
42046	5280	5300	5300	5280	2411400	3	18780	0	455	190.8
42016	5300	5300	5310	5300	2332400	3	19420	1	440	190.8
42017	5300	5300	0	0	0	0	6170	1	0	190.8
42051	5300	5320	5320	5300	2383340	4	23500	0	448	191.52
42052	5320	5320	5320	5320	2351440	2	25177	0	442	191.52
42053	5320	5320	0	0	0	0	25487	0	0	191.52
42054	5320	5320	5330	5320	23353840	15	17920	2	4387	191.52
42055	5320	5330	5330	5330	1012700	1	3770	0	190	191.88
42058	5330	5350	5350	5350	2407500	2	14500	1	450	192.6
42059	5350	5400	5400	5400	2376000	1	14450	1	440	194.4
42060	5400	5400	5400	5400	11340000	14	17320	9	2100	194.4
42061	5400	5400	5410	5400	21658400	8	13900	3	4010	194.4
42062	5400	5410	5410	5330	1449730	6	10730	720	268	194.76
42065	5410	5410	5410	5400	3906000	3	2062	0	722	194.76
42066	5410	5440	5450	5410	3481000	3	12420	0	640	195.84
42067	5440	5500	5500	5500	110000	1	12390	0	20	198
42068	5500	5760	5800	5510	16924400	2	15070	0	2940	207.36
42069	5440	5500	5500	5500	110000	1	12390	0	20	198
42072	5810	5810	0	0	0	0	19690	0	0	209.16
42073	5810	6440	6500	6100	32182000	6	8620	0	5000	231.84
42074	6440	6500	6500	6500	2860000	1	14270	1	440	234
42075	6500	6500	6500	6500	1950000	3	10410	1	300	234
42076	6500	6500	6510	6500	25858500	19	7080	0	3977	234
42079	6500	6500	0	0	0	0	8470	0	0	234
42080	6500	6510	6510	6500	1699000	4	8370	0	261	234.36
42081	6510	6560	6600	6520	6038640	5	2464	470	921	236.16
42082	6560	6590	6600	6580	5076600	4	2194	0	770	237.24
42083	6590	6600	6600	6580	29317160	3	1922	0	4442	237.6
42086	6600	6600	0	0	0	0	972	0	0	237.6
42087	6600	6600	6600	6600	2712600	8	215	440	411	237.6
42088	6600	6600	6600	6600	283800	2	2070	11192	43	237.6
42089	6600	6600	0	0	0	0	2070	11192	0	237.6
42090	6600	6600	6600	6600	6336000	4	0	10160	960	237.6
42093	6600	6600	6600	6600	2508000	3	2734	10227	380	237.6
42094	6600	6590	6600	6590	6253980	8	1810	10220	949	237.24
42095	6590	6550	6600	6200	12782700	8	900	3350	1952	235.8
42096	6550	6110	6200	6100	2626000	2	500	3362	430	219.96
42102	6110	6110	0	0	0	0	330	3362	0	219.96
42103	6110	6200	6200	6200	36096400	13	300	610	5822	223.2
42104	6200	6200	6200	6200	446400	5	300	540	72	223.2
42107	6200	6200	0	0	0	0	300	540	0	223.2
42108	6200	6190	6200	6100	1053000	4	305	410	170	222.84
42109	6190	5850	6100	5850	1873250	5	1005	410	320	210.6
42110	5850	6180	6200	6000	1730000	2	1105	0	280	222.48
42111	6180	6180	6180	6180	12360	1	3019	882	2	222.48
42114	6180	6180	0	0	0	0	14629	882	0	222.48
42115	6180	6000	6000	6000	11100000	11	13469	445	1850	216
42116	6000	5860	6100	5850	7145000	8	11264	26085	1220	210.96
42117	5860	5850	6000	5850	75242850	26	1000	25642	12862	210.6
42118	5850	5500	5500	5500	2420000	1	560	25642	440	198
42121	5500	5500	5500	5500	13992000	6	15023	1433	2544	198
42122	5500	5500	5500	5500	7870500	3	13606	0	1431	198
42123	5500	5500	5500	5500	5230500	3	13055	0	951	198
42124	5500	5500	5500	5500	2480500	2	2414	0	451	198
42128	5500	5510	5510	5510	6612000	6	5614	11	1200	198.36
42129	5510	5510	5510	5510	2259100	4	14040	1	410	198.36
42130	5510	5510	5510	5510	936700	1	13870	1	170	198.36
42131	5510	5510	0	0	0	0	13490	1	0	198.36
42132	5510	5510	0	0	0	0	13490	1	0	198.36
42135	5510	5510	5510	5510	5510	1	12047	0	1	198.36
42136	5510	5510	5520	5510	5128700	3	2337	0	930	198.36
42137	5510	5520	5520	5510	7711370	5	4020	576	1397	198.72
42138	5520	5520	5520	5510	2517060	4	8721	570	456	198.72
42139	5520	5520	5520	5520	49680	3	8030	570	9	198.72
42142	5520	5540	5540	5530	2603500	4	8910	570	470	199.44
42143	5540	5540	0	0	0	0	10560	572	0	199.44
42144	5540	5540	0	0	0	0	9400	2	0	199.44
42145	5540	5600	5600	5540	5107080	3	9160	1	912	201.6
42146	5600	5600	0	0	0	0	12700	0	0	201.6
42149	5600	5600	0	0	0	0	19300	0	0	201.6
42150	5600	5600	0	0	0	0	17190	8	0	201.6
42151	5600	5660	5660	5600	16073100	8	15340	1	2840	203.76
42152	5660	5700	5700	5600	1196900	3	15220	0	210	205.2
42153	5700	5710	5710	5710	3408870	3	8330	450	597	205.56
42156	5710	5710	0	0	0	0	9320	17930	0	205.56
42157	5710	5830	5850	5810	10317300	7	21490	17480	1770	209.88
42158	5830	6000	6000	6000	960000	2	18185	17320	160	216
42159	6000	6010	6400	6010	5517960	6	29913	0	918	216.36
42160	6010	6050	6050	6020	7501700	11	21727	2	1240	217.8
42163	6050	6050	0	0	0	0	30737	102	0	217.8
42164	6050	6330	6500	6020	6703300	11	22523	2544	1059	227.88
42165	6330	6500	6500	6020	31008500	19	33870	2	4771	234
42166	6500	6520	6520	6520	5672400	3	25080	754	870	234.72
42167	6520	6520	0	0	0	0	20230	754	0	234.72
42170	6520	6530	6530	6500	2938470	3	33745	2500	450	235.08
42171	6530	6800	7000	6050	20080150	7	26472	740	2953	244.8
42172	6800	6800	0	0	0	0	26487	4210	0	244.8
75045	6800	7000	7000	7000	8337000	6	21161	3470	1191	252
42174	7000	7190	7200	7000	27052500	6	13949	0	3762	258.84
42177	7190	7200	7200	7200	3211200	2	16767	10000	446	259.2
42178	7200	7200	7210	7000	6352000	5	6585	10451	882	259.2
42179	7200	7490	7500	7000	81734500	9	7200	0	10910	269.64
42180	7490	7500	7500	7500	42750000	3	980	3	5700	270
42181	7500	7510	7510	7500	16852400	12	990	0	2244	270.36
42184	7510	7500	7500	7500	450000	1	830	2	60	270
42185	7500	7500	7500	7500	15000	1	440	2	2	270
42186	7500	7500	7500	7500	36420000	10	0	0	4856	270
42157	7500	7500	7500	7500	2017500	2	100	9020	269	270
42188	7500	7500	7500	7500	60510000	15	1000	7025	8068	270
42191	7500	7500	7500	7500	750000	2	1130	7467	100	270
42193	7500	7490	7500	7490	30784000	4	1000	7794	4110	269.64
42194	7490	7490	0	0	0	0	1000	9134	0	269.64
42195	7490	7500	7500	7500	2700000	2	0	5162	360	270
42198	7500	7500	7500	7500	12000000	6	0	4173	1600	270
42199	7500	7200	7500	6500	13816000	8	650	3144	1920	259.2
42200	7200	7200	0	0	0	0	10650	3144	0	259.2
42201	7200	7200	0	0	0	0	10750	3251	0	259.2
42202	7200	7450	7500	7200	11451000	6	720	715	1536	268.2
42205	7450	7350	7500	7200	1029000	3	650	2435	140	264.6
42206	7350	7350	0	0	0	0	1330	2435	0	264.6
42207	7350	7370	7450	7350	442000	2	2170	3445	60	265.32
42208	7370	7370	0	0	0	0	3670	4854	0	265.32
42209	7370	7350	7350	7350	10363500	4	2260	4961	1410	264.6
42212	7350	7350	0	0	0	0	2260	4970	0	264.6
42213	7350	7350	7350	7350	764400	7	900	5609	104	264.6
42214	7350	7350	7350	7350	10657500	3	0	3348	1450	264.6
42215	7350	7350	7350	7350	4410000	3	0	1234	600	264.6
42216	7350	7350	7350	7340	587800	2	0	0	80	264.6
42219	7350	7340	7340	7340	7633600	4	143	2089	1040	264.24
42220	7340	7340	7350	7340	4646250	5	140	2732	633	264.24
42221	7340	7330	7340	7300	4692000	3	0	7170	640	263.88
42222	7330	7300	7300	7300	949000	1	3	6720	130	262.8
42223	7300	7300	7300	7300	25404000	4	3	3680	3480	262.8
42226	7300	7300	7300	7300	14621900	7	0	3865	2003	262.8
42227	7300	7300	7300	7300	4912900	9	4	2002	673	262.8
42228	7300	7300	0	0	0	0	4	2672	0	262.8
42229	7300	7300	7300	7300	9709000	5	4	1342	1330	262.8
42230	7300	7300	7300	7300	3095200	2	0	8552	424	262.8
42233	7300	7020	7300	7000	5549000	4	0	8610	791	252.72
42234	7020	7260	7300	7200	1931800	7	7142	7703	266	261.36
42235	7260	7030	7300	7000	16665290	13	5910	3212	2357	253.08
42236	7030	7030	0	0	0	0	5910	3212	0	253.08
42237	7030	7300	7300	7290	23447500	8	5611	0	3212	262.8
42240	7300	7300	7300	7300	1752000	1	5005	0	240	262.8
42241	7300	7310	7310	7310	7310000	5	4815	1440	1000	263.16
42242	7310	7350	7500	7300	6094100	7	212	1250	829	264.6
42243	7350	7350	7350	7350	1102500	1	212	1250	150	264.6
42244	7350	7510	7510	7500	34930530	14	6827	0	4653	270.36
42247	7510	7510	7510	7500	30631900	7	696	602	4080	270.36
42248	7510	7480	7510	7030	40147130	28	0	220	5369	269.28
42249	7480	7300	7300	7300	3321500	6	43	201	455	262.8
42250	7300	7500	7500	7500	1500000	2	11183	1	200	270
42251	7500	7500	0	0	0	0	1243	1	0	270
42254	7500	7500	0	0	0	0	1243	15001	0	270
42255	7500	7500	7500	7500	831075000	10	1150	15000	110810	270
42256	7500	7500	0	0	0	0	1210	20442	0	270
42257	7500	7550	7550	7500	7587650	6	2295	20002	1005	271.8
42258	7550	7600	7600	7500	38037500	5	2330	15446	5005	273.6
42261	7600	7600	7600	7500	3381500	3	2790	15002	445	273.6
42262	7600	7590	7600	7500	15321000	27	2177	270	2018	273.24
42263	7590	7580	7600	7550	4623000	7	1910	2	610	272.88
42264	7580	7570	7580	7550	20529050	6	550	670	2713	272.52
42265	7570	7600	7600	7600	8892000	4	11453	15000	1170	273.6
42268	7600	7600	0	0	0	0	1583	15000	0	273.6
22 seep 15	7600	7600	7600	7600	16112000	7	305	22630	2120	273.6
42270	7600	7520	7600	7500	4339000	12	8	23340	577	270.72
42272	7520	7520	0	0	0	0	8	7950	0	270.72
42275	7520	7500	7500	7500	1275000	4	7	32780	170	270
42276	7500	7500	7500	7500	10875000	22	1110	26330	1450	270
42277	7500	7400	7400	7400	1480000	2	910	26330	200	266.4
42278	7400	7400	7400	7400	7858800	6	6	25710	1062	266.4
42279	7400	7400	7400	7360	3032000	3	666	25790	410	266.4
42252	7400	7340	7400	7310	15156100	8	665	25760	2066	264.24
42283	7340	7340	0	0	0	0	1089	2060	0	264.24
42284	7340	7340	7340	7340	3229600	1	435	25320	440	264.24
42285	7340	7340	0	0	0	0	435	24260	0	264.24
42286	7340	7310	7340	7300	3873510	9	15	24300	530	263.16
42289	7310	7300	7300	7300	313900	4	192	24511	43	262.8
42290	7300	7370	7390	7340	5973400	2	5300	23701	810	265.32
42292	7370	7250	7300	7200	14000000	5	1250	338	1930	261
42293	7250	7260	7300	7200	8855700	8	2820	12	1219	261.36
42296	7260	7300	7300	7200	2335000	4	3410	8	320	262.8
42297	7300	7300	7310	7300	7814520	13	2605	6	1070	262.8
42298	7300	7300	7310	7300	7819710	7	4826	6	1071	262.8
42299	7300	7300	7300	7300	292000	1	4826	6	40	262.8
42300	7300	7300	7300	7300	6438600	5	2374	6	882	262.8
42303	7300	7300	0	0	0	0	4694	6	0	262.8
42304	7300	7310	7310	7310	3801200	3	6746	0	520	263.16
42305	7310	7300	7300	7300	3518600	6	7693	6	482	262.8
42306	7300	7300	0	0	0	0	7593	6	0	262.8
42307	7300	7300	0	0	0	0	5441	6	0	262.8
42310	7300	7340	7340	7340	1027600	1	7051	6	140	264.24
42311	7340	7340	7340	7340	3339700	2	2521	15	455	264.24
42312	7340	7340	7340	7340	66060	1	2381	0	9	264.24
42314	7340	7340	7340	7340	3743400	4	5620	15	510	264.24
42317	7340	7340	7340	7340	726660	2	5990	6	99	264.24
42318	7340	7340	0	0	0	0	4190	6	0	264.24
42319	7340	7340	0	0	0	0	4196	6	0	264.24
42320	7340	7340	0	0	0	0	4196	6	0	264.24
42321	7340	7350	7350	7340	3100700	3	3537	0	422	264.6
42324	7350	7350	0	0	0	0	3537	0	0	264.6
42325	7350	7400	7500	7350	13320000	4	3080	9500	1800	266.4
42326	7400	7350	7500	7340	5291050	10	2930	9500	720	264.6
42327	7350	7350	0	0	0	0	2930	10307	0	264.6
42328	7350	7350	7350	7350	13083000	4	0	9507	1780	264.6
42331	7350	7350	7350	7350	2138850	6	880	9500	291	264.6
42332	7350	7350	7350	7350	819128100	8	220	479	111446	264.6
42333	7350	7390	7400	7360	4066800	2	187	10009	550	266.04
42334	7390	7400	7400	7400	12720600	8	467	8290	1719	266.4
42335	7400	7350	7350	7350	3307500	6	17	8790	450	264.6
42338	7350	7400	7400	7400	3996000	2	273	500	540	266.4
42309	7400	7360	7400	7350	5152500	7	5	22610	700	264.96
42340	7360	7350	7400	7350	1926750	6	0	23146	262	264.6
42341	7350	7360	7360	7350	11594940	9	33	24480	1576	264.96
42342	7360	7360	7360	7360	7227520	3	36	24980	982	264.96
42345	7360	7360	0	0	0	0	36	25980	0	264.96
42346	7360	7360	7360	7360	220800	1	36	3700	30	264.96
42348	7360	7360	7360	7350	66180	4	0	4438	9	264.96
42349	7360	7360	0	0	0	0	0	1981	0	264.96
42352	7360	7360	7360	7360	2362560	3	0	2480	321	264.96
42353	7360	7340	7360	7320	5210800	3	0	0	710	264.24
42354	7340	7350	7360	7340	9283420	12	0	1120	1263	264.6
42355	7350	7360	7360	7360	7360000	2	260	120	1000	264.96
42356	7360	7360	7360	7360	883200	2	5020	0	120	264.96
42359	7360	7370	7370	7370	6198170	3	5240	1	841	265.32
42360	7370	7360	7370	7360	33346800	12	890	7	4530	264.96
42361	7360	7360	7360	7360	4636800	1	260	2752	630	264.96
42366	7360	7360	7360	7350	60777990	6	134	529	8258	264.96
42367	7360	7360	0	0	0	0	134	3795	0	264.96
42368	7360	7350	7350	7350	73500	1	134	4785	10	264.6
42369	7350	7350	7350	7350	14920500	4	154	3555	2030	264.6
42374	7350	7340	7350	7340	1629600	5	332	2838	222	264.24
42375	7340	7340	7350	7340	3824370	5	2915	2815	521	264.24
42376	7340	7340	7350	7300	21649100	7	542	5565	2950	264.24
42377	7340	7300	7300	7300	11826000	5	13	5575	1620	262.8
42380	7300	7300	7350	7300	18841350	13	19	4661	2581	262.8
42382	7300	7300	7300	7300	5124600	8	0	9891	702	262.8
42383	7300	7290	7290	7280	1056920	4	0	13947	145	262.44
42384	7290	7260	7260	7260	4029300	5	0	13441	555	261.36
42387	7260	7250	7250	7240	19472050	11	1	14605	2687	261
42388	7250	7250	7250	7250	7250	1	0	38470	1	261
42389	7250	7240	7250	7240	3735890	4	0	39087	516	260.64
42390	7240	7240	7360	7230	4496270	9	0	37443	621	260.64
42391	7240	7220	7240	7220	7439080	7	0	13253	1030	259.92
42394	7220	7110	7220	7000	15513040	6	100	16303	2182	255.96
42395	7110	6900	7200	6900	1789400	4	100	17752	259	248.4
42396	6900	6900	0	0	0	0	100	17282	0	248.4
42397	6900	6900	0	0	0	0	240	15369	0	248.4
42398	6900	6900	6900	6900	14835000	7	0	1910	2150	248.4
42402	6900	6900	6900	6900	7452000	7	4	6961	1080	248.4
42404	6900	6730	6900	6700	3431000	2	589	9871	510	242.28
42405	6730	6720	6900	6700	4632100	7	1	8681	689	241.92
42408	6720	6720	6840	6840	6840	1	4	6161	1	241.92
42409	6720	6810	6820	6810	1355380	5	0	3931	199	245.16
42410	6810	6800	6800	6790	12796100	8	3	2561	1882	244.8
42411	6800	6780	6840	6780	16390910	11	27073	999	2417	244.08
42412	6780	6780	6840	6780	106759560	11	12783	50655	15744	244.08
42415	6780	6780	6790	6780	32545600	19	8143	49840	4800	244.08
42416	6780	6790	6790	6720	4956510	7	2460	49270	730	244.44
42417	6790	6800	6800	6790	17128810	4	564	7890	2519	244.8
42418	6800	6800	6800	6800	86672800	16	1353	290	12746	244.8
42419	6800	6800	6800	6800	11696000	5	16	22360	1720	244.8
42422	6800	6890	6900	6800	1301113300	23	1339	5	188890	248.04
42423	6890	6890	6800	6800	34000	1	1544	0	5	248.04
42424	6890	6910	6910	6900	2217200	9	7777	0	321	248.76
42425	6910	6910	0	0	0	0	7777	0	0	248.76
42426	6910	6900	6900	6900	5865000	3	5537	0	850	248.4
42429	6900	6900	6900	6900	3036000	1	1515	1820	440	248.4
42430	6900	6970	7200	6900	7587790	6	910	2062	1088	250.92
42431	6970	6930	6930	6930	2841300	1	900	1652	410	249.48
42432	6930	6920	6920	6920	5072360	5	311	1652	733	249.12
42433	6920	6950	6960	6930	7231500	6	11370	50	1040	250.2
42436	6950	6960	7200	6960	1051200	2	12396	1571	151	250.56
42437	6960	7210	7220	7200	22134000	4	20656	1	3070	259.56
42438	7210	7290	7300	7230	15959000	6	2240	601	2190	262.44
42439	7290	7300	7310	7200	27057250	18	7892	608	3706	262.8
42440	7300	7300	0	0	0	0	7372	609	0	262.8
42443	7300	7400	7410	7300	11470000	12	6410	0	1550	266.4
42444	7400	7400	7400	7400	7918000	4	0	200	1070	266.4
42445	7400	7300	7400	7300	591556500	10	5250	190	81035	262.8
42446	7300	7320	7400	7300	7837300	5	5070	0	1071	263.52
42447	7320	7320	0	0	0	0	7070	0	0	263.52
42450	7320	7360	7360	7360	73600	1	2020	0	10	264.96
42451	7360	7360	7360	7360	7212800	2	6876	0	980	264.96
42452	7360	7360	7360	7300	3090900	6	6450	0	420	264.96
42453	7360	7360	7370	7360	8802660	5	5270	3	1196	264.96
42458	7360	7500	7500	7500	7500000	1	150	0	1000	270
42459	7500	7360	7360	7360	9568000	1	2205	6570	1300	264.96
42460	7360	7300	7300	7300	3796000	3	5	8370	520	262.8
42461	7300	7300	0	0	0	0	0	1200	0	262.8
42464	7300	7300	7300	7300	7781800	5	3330	6764	1066	262.8
42465	7300	7200	7300	7200	635400	10	3630	8535	88	259.2
42466	7200	7200	0	0	0	0	2756	9470	0	259.2
42468	7200	7150	7150	7150	364650	3	2452	1153	51	257.4
42471	7150	7110	7150	6900	12178300	5	2200	2813	1712	255.96
42472	7110	6830	7000	6800	14103200	4	886	33408	2064	245.88
42473	6830	6810	6900	6800	7724200	31	1060	32725	1135	245.16
42474	6810	6810	6890	6800	612900	2	830	0	90	245.16
42479	6810	6810	6810	6810	1021500	4	795	32309	150	245.16
42480	6810	6800	6810	6800	7745600	6	0	32535	1139	244.8
42481	6800	6800	7000	6800	11004300	8	10450	33918	1617	244.8
42482	6800	6800	6820	6800	7346000	4	9470	31766	1080	244.8
42485	6800	6800	6820	6800	15488740	11	7710	3190	2277	244.8
42487	6800	6820	6820	6800	2509540	4	7790	1842	368	245.52
42488	6820	6810	6820	6800	1633400	4	6710	1842	240	245.16
42489	6810	6810	0	0	0	0	0	30402	0	245.16
42492	6810	6810	6810	6810	2724000	1	0	32030	400	245.16
42493	6810	6800	6810	6800	16021300	11	0	29950	2356	244.8
42494	6800	6800	6800	6800	42092000	2	0	1422	6190	244.8
42495	6800	6800	6800	6800	136000	1	0	1402	20	244.8
42496	6800	6790	6800	6790	18955800	6	380	6	2790	244.44
42499	6790	6790	6790	6790	2580200	1	0	23824	380	244.44
42500	6790	6790	6790	6780	434520	3	1985	23762	64	244.44
42501	6790	6800	6800	6750	13884900	3	1	22160	2042	244.8
42502	6800	6800	6750	6750	6750	1	0	22404	1	244.8
42503	6800	6740	6740	6740	1011000	3	0	26384	150	242.64
42506	6740	6740	6750	6750	27000	1	0	4310	4	242.64
42507	6740	6740	6740	6740	74140	2	0	4455	11	242.64
42508	6740	6740	0	0	0	0	0	945	0	242.64
42509	6740	6740	0	0	0	0	0	23685	0	242.64
42510	6740	6740	0	0	0	0	0	24130	0	242.64
42513	6740	6740	0	0	0	0	0	23710	0	242.64
42514	6740	6450	6450	6450	258000	1	0	24940	40	232.2
42515	6450	6730	6730	6730	745145600	1	1	23240	110720	242.28
42516	6730	6710	6710	6450	771310200	8	1	290	115000	241.56
42517	6710	6700	6700	6600	2954600	2	320	290	441	241.2
42520	6700	6700	6700	6700	3551000	3	0	0	530	241.2
42521	6700	6710	6710	6700	807234200	13	0	4801	120310	241.56
42522	6710	6710	0	0	0	0	0	909	0	241.56
42523	6710	6700	6700	6700	1072000	3	210	749	160	241.2
42524	6700	6710	6710	6700	5165700	3	170	0	770	241.56
42527	6710	6710	6710	6710	67100	2	160	64	10	241.56
42528	6710	6700	6710	6700	1072500	2	0	607	160	241.2
42529	6700	6700	6700	6700	489100	3	1	1624	73	241.2
42530	6700	6700	6710	6700	160840	2	9	2140	24	241.2
42531	6700	6650	6700	6650	5513300	5	180	2263	829	239.4
42534	6650	6650	6700	6650	1264000	3	315	12040	190	239.4
42535	6650	6650	6650	6650	2394000	2	55	11490	360	239.4
41805	6650	6690	6700	6610	673924700	10	455	11487	100670	240.84
42537	6690	6660	6660	6660	266400	1	825	11887	40	239.76
42538	6660	6610	6650	6550	8066900	7	9	12458	1220	237.96
42541	6610	6610	6550	6540	170210	6	0	14031	26	237.96
42542	6610	6530	6550	6530	1012250	2	0	13616	155	235.08
42544	6500	6500	0	0	0	0	0	4254	0	234
42545	6500	6500	0	0	0	0	0	3724	0	234
42548	6500	6490	6490	6490	4101680	6	3	4870	632	233.64
42549	6490	6500	6500	6480	456375150	18	1	16160	70214	234
42550	6500	6500	0	0	0	0	311	14982	0	234
42551	6500	6410	6530	6390	79760340	15	315	11360	12442	230.76
42552	6410	6390	6500	6390	3630080	6	1313	16700	568	230.04
42555	6390	6350	6400	6350	6369200	7	168	17200	1003	228.6
42556	6350	6300	6300	6300	636300	2	174	6769	101	226.8
42559	6300	6320	6350	6250	13833000	8	168	9	2190	227.52
42562	6320	6050	6350	6050	685450	5	7195	4	113	217.8
42563	6050	6350	6350	6350	3619500	2	6620	5371	570	228.6
42564	6350	6350	6360	6050	12243800	7	4822	5372	1928	228.6
42565	6350	6350	6360	6350	5653200	8	4872	5372	890	228.6
42566	6350	6390	6390	6350	34304700	5	3130	9	5370	230.04
42569	6390	6380	6390	6350	11692140	12	388	1	1834	229.68
42570	6380	6350	6350	6350	1905000	2	238	1	300	228.6
42571	6350	6400	6400	6360	322175120	3	238	50001	50342	230.4
42572	6400	6400	6400	6400	8512000	3	850	1	1330	230.4
42573	6400	6400	6400	6400	3840000	2	170	0	600	230.4
42576	6400	6410	6410	6410	320500	1	220	0	50	230.76
42577	6410	6410	6410	6400	448500	2	0	370	70	230.76
42578	6410	6400	6400	6400	2496000	3	170	677	390	230.4
42579	6400	6400	6400	6400	2752000	2	890	254	430	230.4
42580	6400	6400	6400	6400	4608000	3	0	0	720	230.4
42583	6400	6400	6400	6380	18097200	11	0	7656	2828	230.4
42584	6400	6400	6400	6390	320424380	32	70	0	50067	230.4
42585	6400	6400	6400	6380	12359000	9	0	1330	1932	230.4
42586	6400	6400	0	0	0	0	0	1780	0	230.4
42587	6400	6400	0	0	0	0	0	1790	0	230.4
42591	6400	6390	6400	6390	2773460	6	75	160	434	230.04
42592	6390	6380	6400	6380	446910	12	5	1910	70	229.68
42593	6380	6380	0	0	0	0	5	2574	0	229.68
42594	6380	6370	6380	6360	795900	6	8	1739	125	229.32
42597	6370	6370	6370	6370	1592500	1	8	656	250	229.32
42598	6370	6370	6370	6370	637000	2	8	550	100	229.32
42599	6370	6370	6370	6360	5456590	11	0	0	857	229.32
42600	6370	6370	6370	6370	5796700	8	1113	0	910	229.32
42601	6370	6370	6370	6370	4732910	6	690	3	743	229.32
42604	6370	6370	6370	6370	6006910	7	0	1339	943	229.32
42574	6370	6370	6370	6370	4076800	5	0	699	640	229.32
42606	6370	6370	6370	6370	1274000	4	0	3599	200	229.32
42607	6370	6370	6370	6370	6210750	4	8	3064	975	229.32
42608	6370	6370	6370	6370	5032300	4	2	2034	790	229.32
42611	6370	6370	6370	6370	12740	1	0	1020	2	229.32
42612	6370	6370	6370	6370	15096900	6	5	0	2370	229.32
42613	6370	6370	0	0	0	0	0	550	0	229.32
42614	6370	6370	6380	6370	5036700	2	5	552	790	229.32
42615	6370	6370	0	0	0	0	57	552	0	229.32
42618	6370	6370	6400	6400	12672000	3	0	2140	1980	229.32
42619	6370	6370	6400	6400	12672000	3	0	1545	1980	229.32
42620	6370	6370	6400	6400	12672000	3	0	5	1980	229.32
42621	6370	6370	6370	6370	6370000	2	0	103	1000	229.32
42622	6370	6370	6400	6370	11728110	7	5	0	1833	229.32
42626	6370	6370	0	0	0	0	5	450	0	229.32
42627	6370	6370	0	0	0	0	0	450	0	229.32
42628	6370	6370	6360	6360	8395200	3	290	450	1320	229.32
42629	6370	6360	6370	6360	57270100	14	0	9	9000	228.96
42632	6360	6360	6380	6380	191400	2	0	483	30	228.96
42633	6360	6360	6360	6360	25440	1	7	479	4	228.96
42634	6360	6360	0	0	0	0	7	4689	0	228.96
42635	6360	6360	0	0	0	0	7	4689	0	228.96
42636	6360	6360	0	0	0	0	0	4269	0	228.96
42639	6360	6360	0	0	0	0	0	967	0	228.96
42640	6360	6360	0	0	0	0	0	1167	0	228.96
42641	6360	6360	6350	6350	571500	1	0	1077	90	228.96
42642	6360	6360	0	0	0	0	0	2737	0	228.96
42643	6360	6360	6350	6350	17653000	7	4250	7	2780	228.6
42646	6360	6350	6350	6350	27666950	4	0	4256	4357	228.6
42647	6350	6360	6350	6350	13855700	10	0	2102	2182	228.96
42648	6350	6350	6350	6350	57150	1	0	4713	9	228.6
42649	6350	6350	6350	6350	146050	2	3	6160	23	228.6
42650	6350	6350	0	0	0	0	3	6160	0	228.6
42653	6350	6350	0	0	0	0	3	4100	0	228.6
42654	6350	6350	6350	6350	82550	2	0	6322	13	228.6
42655	6350	6350	6350	6350	965200	2	5	3550	152	228.6
13 0ct 16	6350	6350	0	0	0	0	2	2290	0	228.6
42659	6350	6350	6350	6350	12700	1	0	3715	2	228.6
42661	6350	6350	0	0	0	0	0	2562	0	228.6
42662	6350	6350	6350	6350	1905000	2	0	3845	300	228.6
42663	6350	6350	0	0	0	0	0	13940	0	228.6
42664	6350	6350	6300	6300	378000	1	1	13882	60	228.6
42667	6350	6350	6300	6300	636300	2	0	26882	101	228.6
25 0ct 16	6350	6350	6300	5400	2461500	2	0	26441	455	228.6
42669	6350	6350	0	0	0	0	50000	25296	0	228.6
42670	6350	6350	0	0	0	0	1000	17316	0	228.6
42671	6350	6350	0	0	0	0	1240	15606	0	228.6
42672	6350	6350	0	0	0	0	1240	4015	0	228.6
42675	6350	6350	6000	6000	1440000	1	1000	4887	240	228.6
42676	6350	6350	5450	5450	2670500	2	510	5340	490	228.6
42677	6350	6350	5450	5450	7041400	10	590	3153	1292	228.6
42678	6350	5450	5450	5450	4409867500	5	1440	893	809150	196.2
42681	5450	5450	5450	5450	4796000	2	560	10295	880	196.2
42682	5450	5450	5450	5450	1100900	2	2420	10291	202	196.2
42683	5450	5450	5500	5450	4118500	2	1670	9849	750	196.2
42684	5450	5450	5450	5450	7602750	11	50280	9848	1395	196.2
42685	5450	5450	0	0	0	0	280	9848	0	196.2
42688	5450	5450	5450	5450	3488000	3	0	8	640	196.2
42689	5450	5450	5450	5450	24154400	9	750	0	4432	196.2
42690	5450	5450	5450	5450	708500	1	620	0	130	196.2
42691	5450	5450	5450	5450	13243500	7	8190	1	2430	196.2
42692	5450	5450	5450	5450	10578450	4	6284	0	1941	196.2
42695	5450	5450	0	0	0	0	6284	0	0	196.2
42696	5450	5450	5450	5450	2343500	2	5994	0	430	196.2
42697	5450	5450	5450	5450	784800	4	5850	2	144	196.2
42698	5450	5450	5450	5450	3324500	4	32	0	610	196.2
42699	5450	5450	5450	5450	2561500	1	4530	9	470	196.2
42701	5450	5450	5450	5450	12317000	4	2300	3	2260	196.2
42703	5450	5450	5450	5450	12971000	4	0	3307	2380	196.2
42704	5450	5450	5450	5450	2725000	2	0	2807	500	196.2
42705	5450	5450	5450	5450	15260000	2	2000	7	2800	196.2
42706	5450	5450	5400	5400	216000	1	1960	12	40	196.2
42709	5450	5450	5400	5400	3240000	2	1360	9	600	196.2
42710	5450	5450	0	0	0	0	1360	5	0	196.2
42711	5450	5450	5400	5400	9649800	4	10000	0	1787	196.2
42712	5450	5450	5400	5400	8337600	11	33460	0	1544	196.2
42717	5450	5450	5400	5400	18316800	2	3494	573	3392	196.2
42718	5450	5450	5450	5400	5988050	13	7	1200	1099	196.2
42689	5450	5450	5450	5450	381500	1	7	1130	70	196.2
42720	5450	5450	5450	5450	2779500	6	9	620	510	196.2
42723	5450	5450	5450	5450	32700	4	4	2742	6	196.2
42724	5450	5450	5450	5450	174400	2	0	3210	32	196.2
42725	5450	5450	5450	5450	763000	1	0	3510	140	196.2
42726	5450	5450	5450	5450	54500	1	0	3500	10	196.2
42727	5450	5450	5450	5450	54500	1	0	2030	10	196.2
42731	5450	5450	0	0	0	0	0	2160	0	196.2
42732	5450	5450	0	0	0	0	0	2160	0	196.2
42733	5450	5450	0	0	0	0	0	2660	0	196.2
42734	5450	5450	0	0	0	0	0	1940	0	196.2
42738	5450	5450	5450	5450	2779500	6	9	620	510	196.2
42739	5450	5450	5000	5000	5000000	3	0	4506	1000	196.2
42740	5450	5450	5000	5000	0	0	8	4476	0	196.2
42741	5450	5450	5000	5000	155000	4	5	4486	31	196.2
42744	5450	5450	5000	5000	25000	2	0	4088	5	196.2
42745	5450	5450	5000	5000	4585000	11	0	2175	917	196.2
42746	5450	5450	0	0	0	0	0	1175	0	196.2
42748	5450	5450	5000	5000	400000	1	0	823	80	196.2
42751	5450	5450	0	0	0	0	0	4300	0	196.2
42752	5450	5450	4950	4950	1386000	2	0	5554	280	196.2
42753	5450	5450	5000	5000	45000	5	0	6445	9	196.2
42754	5450	5450	4950	4950	336600	3	6	7277	68	196.2
42755	5450	5450	0	0	0	0	6	6577	0	196.2
42758	5450	5450	0	0	0	0	6	5282	0	196.2
42759	5450	5450	4950	4950	29700	3	0	4065	6	196.2
42760	5450	5450	0	0	0	0	0	4847	0	196.2
42395	5450	5450	0	0	0	0	0	5709	0	196.2
42762	5450	5450	5000	4950	24800	2	0	5627	5	196.2
42765	5450	5450	4800	4800	10848000	3	3840	4577	2260	196.2
42766	5450	5400	5450	4800	1644252000	23	1900	5458	302225	194.4
42767	5400	5400	0	0	0	0	2110	1888	0	194.4
42768	5400	5400	4900	4900	980000	1	2410	1888	200	194.4
42769	5400	5400	4900	4900	34300	1	2410	4362	7	194.4
42772	5400	5400	4900	4800	2881000	2	500	2480	600	194.4
42773	5400	5400	4800	4800	9600	1	1350	2478	2	194.4
42774	5400	5400	5000	4900	11969500	9	3450	2609	2394	194.4
42775	5400	5400	0	0	0	0	850	2609	0	194.4
42776	5400	5400	5000	4800	3071600	4	2450	1687	632	194.4
42779	5400	5400	4800	4800	3216000	2	1340	1657	670	194.4
42780	5400	5400	4800	4800	2112000	1	50	1757	440	194.4
42781	5400	5400	4800	4800	1392000	4	0	185	290	194.4
42782	5400	5400	4800	4600	508000	2	200	75	110	194.4
42783	5400	5400	0	0	0	0	200	3119	0	194.4
42786	5400	5400	0	0	0	0	200	3119	0	194.4
42787	5400	5400	0	0	0	0	200	3819	0	194.4
42788	5400	5400	0	0	0	0	200	3924	0	194.4
42789	5400	5400	0	0	0	0	0	3924	0	194.4
42790	5400	5400	0	0	0	0	500	880	0	194.4
42793	5400	5400	0	0	0	0	500	880	0	194.4
42794	5400	5400	0	0	0	0	500	180	0	194.4
42795	5400	5400	4800	4800	864000	7	631	0	180	194.4
42796	5400	5400	4800	4800	360000	4	664	1046	75	194.4
42797	5400	5400	4800	4600	2953200	9	0	1599	634	194.4
42800	5400	5400	5400	4800	674824000	8	0	1599	125000	194.4
42801	5400	5400	0	0	0	0	0	2040	0	194.4
42802	5400	5400	0	0	0	0	0	2040	0	194.4
42803	5400	5400	5400	5400	291600	3	0	1980	54	194.4
42804	5400	5400	0	0	0	0	0	1980	0	194.4
42807	5400	5400	0	0	0	0	0	6073	0	194.4
42808	5400	5400	0	0	0	0	0	5633	0	194.4
42809	5400	5400	0	0	0	0	0	7177	0	194.4
42810	5400	5400	0	0	0	0	0	7220	0	194.4
42811	5400	5400	5400	5400	972000	1	0	8540	180	194.4
42814	5400	5400	0	0	0	0	0	3527	0	194.4
42815	5400	5400	5400	5350	45807800	9	0	0	8487	194.4
42816	5400	5400	0	0	0	0	0	1883	0	194.4
42817	5400	5400	0	0	0	0	0	1883	0	194.4
42818	5400	5400	5350	5350	9464150	6	0	1883	1769	194.4
42821	5400	5400	5350	5350	48150	2	0	2306	9	194.4
42822	5400	5400	5350	5350	583150	3	0	4984	109	194.4
42823	5400	5400	5350	5350	272850	2	0	3273	51	194.4
42824	5400	5400	5300	5300	7950000	2	1000	2923	1500	194.4
42825	5400	5400	0	0	0	0	300	1233	0	194.4
42828	5400	5400	4900	4800	2121600	3	551	3357	442	194.4
42829	5400	5400	5300	5250	8205000	3	591	2447	1550	194.4
42830	5400	5400	5350	4900	3845700	8	5	3462	772	194.4
42831	5400	5400	5200	5200	208000	1	6	3422	40	194.4
42835	5400	5400	5200	5200	2912000	2	5	860	560	194.4
42836	5400	5400	5200	5150	61900	2	3	1050	12	194.4
42837	5400	5400	0	0	0	0	1	2390	0	194.4
42843	5400	5400	0	0	0	0	0	1830	0	194.4
42844	5400	5400	5150	5150	515000	1	0	410	100	194.4
42845	5400	5400	5150	5150	1751000	2	0	2216	340	194.4
42846	5400	5400	5000	5000	2000000	5	0	4032	400	194.4
42849	5400	5400	0	0	0	0	0	4112	0	194.4
42850	5400	5400	5000	5000	5000	1	0	4102	1	194.4
42852	5400	5400	5000	5000	1950000	3	0	2045	390	194.4
28 aprl 17	5400	5400	5000	5000	17580000	14	17490	229	3516	194.4
42857	5400	5400	5200	5150	93200	2	17490	1091	18	194.4
42858	5400	5200	5200	5000	30812000	9	11540	1761	5950	187.2
42859	5200	5200	0	0	0	0	11540	2716	0	187.2
42860	5200	5150	5200	5000	18311000	11	7550	538	3539	185.4
42863	5150	5150	5000	5000	6700000	7	6210	543	1340	185.4
42864	5150	5150	5000	5000	8785000	16	4760	1035	1757	185.4
42865	5150	5150	5000	5000	2200000	4	4320	1035	440	185.4
42866	5150	5150	0	0	0	0	4320	535	0	185.4
42867	5150	5150	5000	5000	9300000	8	0	1502	1860	185.4
42870	5150	5150	5150	5000	1403000	4	0	3200	274	185.4
42871	5150	5150	0	0	0	0	0	4389	0	185.4
42872	5150	5150	0	0	0	0	0	6799	0	185.4
42873	5150	5150	0	0	0	0	0	7239	0	185.4
42874	5150	5000	5000	4950	18480000	12	0	6992	3697	180
42877	5000	5000	0	0	0	0	0	2572	0	180
42878	5000	5000	5000	5000	1955000	4	0	3797	391	180
42879	5000	5000	5000	5000	5000	1	0	1686	1	180
42880	5000	5000	0	0	0	0	0	1937	0	180
42881	5000	5000	0	0	0	0	0	2022	0	180
42884	5000	5000	4800	4800	3888000	6	0	2271	810	180
42885	5000	5000	4800	4800	4876800	6	110	1514	1016	180
42886	5000	5000	0	0	0	0	110	1514	0	180
42887	5000	5000	4800	4800	528000	1	0	2175	110	180
42888	5000	5000	0	0	0	0	0	2175	0	180
42891	5000	5000	4500	4500	4500000	2	0	2297	1000	180
42892	5000	5000	0	0	0	0	2000	4012	0	180
42893	5000	5000	4250	4250	4080000	5	1040	4352	960	180
42894	5000	5000	4250	4250	4420000	4	0	3952	1040	180
42895	5000	5000	4250	4250	3442500	2	0	4022	810	180
42898	5000	5000	0	0	0	0	380	3641	0	180
42899	5000	5000	4250	4250	5074500	8	133	647	1194	180
42900	5000	5000	0	0	0	0	9129	3725	0	180
42901	5000	4400	4450	4250	151896000	24	5	1636	34360	158.4
42902	4400	4400	4400	4400	158435200	2	2055	620	36008	158.4
42905	4400	4400	0	0	0	0	2105	9598	0	158.4
42906	4400	4400	4400	4260	996600	5	2008	9561	230	158.4
42907	4400	3800	4400	3800	20616800	8	2845	9819	5425	136.8
42908	3800	3800	4260	3800	251000	3	2830	9754	60	136.8
42909	3800	3800	0	0	0	0	2830	9554	0	136.8
42914	3800	3800	3800	3800	1672000	1	280	203	440	136.8
42915	3800	3800	3800	3800	3359200	4	2470	207	884	136.8
42916	3800	3800	0	0	0	0	3190	207	0	136.8
42919	3800	3800	3800	3800	201400	4	3620	200	53	136.8
42920	3800	3800	0	0	0	0	4620	201	0	136.8
42921	3800	3800	3900	3900	780000	1	4420	1	200	136.8
42922	3800	3800	3900	3800	32327000	10	3960	1	8485	136.8
42926	3800	3800	0	0	0	0	3960	201	0	136.8
42927	3800	3800	3800	3800	3382000	5	7070	204	890	136.8
42928	3800	3800	3800	3800	456000	1	7450	204	120	136.8
42929	3800	3800	3800	3800	15200	1	4951	200	4	136.8
42930	3800	3800	3800	3800	1687200	4	4605	200	444	136.8
42933	3800	3800	3800	3800	1539000	2	7310	1	405	136.8
42934	3800	3800	3800	3800	1710000	4	4210	10000	450	136.8
42935	3800	3800	0	0	0	0	6220	10000	0	136.8
42936	3800	3820	4000	3800	123937200	5	6532	10150	32442	137.52
42937	3820	3820	3820	3800	11409800	6	3441	200	3001	137.52
42940	3820	3820	4260	4260	42600	1	851	20140	10	137.52
42941	3820	3820	0	0	0	0	851	19950	0	137.52
42942	3820	3820	0	0	0	0	3979	30340	0	137.52
42943	3820	3820	0	0	0	0	3638	30340	0	137.52
42944	3820	3820	3820	3800	2829800	4	3236	30340	742	137.52
42947	3820	3820	0	0	0	0	266	10390	0	137.52
42948	3820	3820	3800	3800	1067800	5	1009	10550	281	137.52
42949	3820	3820	3800	3500	2855600	5	364	20000	802	137.52
42950	3820	3820	0	0	0	0	364	35450	0	137.52
42951	3820	3820	0	0	0	0	1315	35450	0	137.52
42954	3820	3820	3800	3500	573600	4	1237	35870	162	137.52
42956	3820	3820	3800	3800	1603600	2	875	15875	422	137.52
42957	3820	3820	3500	3500	87500	8	850	428	25	137.52
42958	3820	3820	3500	3500	1785000	3	0	3899	510	137.52
42961	3820	3820	3500	3500	1540000	1	1420	2363	440	137.52
42962	3820	3820	0	0	0	0	1420	12363	0	137.52
42963	3820	3820	3500	3500	1575000	3	970	41937	450	137.52
42964	3820	3820	3500	3500	3080000	2	100	42163	880	137.52
42965	3820	3820	3500	3500	805000	5	870	40003	230	137.52
42968	3820	3820	0	0	0	0	870	41933	0	137.52
42969	3820	3820	0	0	0	0	870	31933	0	137.52
42970	3820	3820	0	0	0	0	870	1933	0	137.52
42971	3820	3820	3500	3500	9450000	8	1390	54642	2700	137.52
42972	3820	3820	3800	3800	76000	1	6890	54620	20	137.52
42975	3820	3820	3500	3500	350000	1	6790	52711	100	137.52
42976	3820	3820	3500	3500	1400000	3	6790	52711	400	137.52
42978	3820	3820	3800	3800	2698000	1	9315	200	710	137.52
42982	3820	3820	3500	3500	1225000	2	10355	200	350	137.52
42983	3820	3820	3500	3500	4392500	7	9100	0	1255	137.52
42984	3820	3820	3500	3500	8120000	4	7780	0	2320	137.52
42989	3820	3820	0	0	0	0	66670	52000	0	137.52
42991	3820	3820	3500	3500	290500	2	67152	52000	83	137.52
42992	3820	3820	3500	3500	7000000	4	65152	0	2000	137.52
42993	3820	3820	0	0	0	0	60002	0	0	137.52
42996	3820	3820	0	0	0	0	60002	30000	0	137.52
42997	3820	3820	3500	3500	1967000	3	59440	30009	562	137.52
42998	3820	3820	3520	3500	4665200	5	58110	52005	1330	137.52
42999	3820	3820	0	0	0	0	58110	52005	0	137.52
43000	3820	3820	0	0	0	0	58110	52005	0	137.52
43003	3820	3820	0	0	0	0	58110	22004	0	137.52
43004	3820	3820	3520	3520	352000	1	58010	22004	100	137.52
43005	3820	3820	3500	3500	14000	1	56880	30000	4	137.52
43006	3820	3820	3500	3500	525000	1	57860	30000	150	137.52
43007	3820	3820	3520	3520	1056000	2	59060	30000	300	137.52
42980	3820	3820	0	0	0	0	59060	30000	0	137.52
42981	3820	3820	3520	3520	774400	1	58840	30001	220	137.52
43012	3820	3820	3800	3500	4803200	3	57890	1	1310	137.52
43013	3820	3500	3500	3500	27300000	1	50090	1	7800	126
43379	3500	3500	3520	3520	528000	1	52280	1	150	126
43017	3500	3500	3520	3520	316800	1	53350	14725	90	126
43018	3500	3500	3520	3520	105600	6	53320	14727	30	126
43019	3500	3500	3520	3520	11369600	2	50099	19731	3230	126
43020	3500	3500	0	0	0	0	50099	19731	0	126
43021	3500	3500	0	0	0	0	50099	19731	0	126
43024	3500	3500	0	0	0	0	48969	5011	0	126
43025	3500	3500	3500	3500	28371000	8	40913	5004	8106	126
43026	3500	3500	3500	3500	77112000	4	19880	0	22032	126
43027	3500	3500	0	0	0	0	1050	20000	0	126
43028	3500	3500	3500	3500	280000	2	20979	20000	80	126
43031	3500	3500	3500	3500	1547000	3	20537	20000	442	126
43032	3500	3500	0	0	0	0	20617	20000	0	126
43033	3500	3500	3520	3500	1548600	3	20005	20000	442	126
43034	3500	3500	3500	3500	2607500	4	19260	2	745	126
43035	3500	3500	3500	3500	67378500	11	0	5299	19251	126
43038	3500	3500	3500	3500	595000	1	0	5329	170	126
43039	3500	3500	0	0	0	0	0	5331	0	126
43040	3500	3500	3500	3500	35000	1	0	5321	10	126
43041	3500	3500	0	0	0	0	0	5395	0	
43042	3500	3500	3500	3500	19950000	4	0	6	5700	126
43045	3500	3500	0	0	0	0	0	717	0	126
43046	3500	3500	3500	3500	4025000	4	0	7	1150	126
43047	3500	3500	0	0	0	0	0	5006	0	126
43048	3500	3500	3500	3500	21000	2	3	5100	6	126
43049	3500	3500	3500	3500	10500	1	0	5545	3	126
43052	3500	3500	3480	3480	10909800	2	0	5545	3135	126
43053	3500	3500	3500	3500	1312500	3	0	5738	375	126
43054	3500	3500	0	0	0	0	0	738	0	126
43055	3500	3500	0	0	0	0	0	5738	0	126
43056	3500	3500	0	0	0	0	0	5773	0	126
43059	3500	3500	3500	3500	20790000	9	0	3	5940	126
43062	3500	3500	3500	3500	42000	5	20	2	12	126
43061	3500	3500	3500	3500	70000	1	0	3105	20	126
43062	3500	3500	0	0	0	0	0	4145	0	126
43063	3500	3500	0	0	0	0	0	4247	0	126
43066	3500	3500	3500	3500	668500	2	0	4996	191	126
43067	3500	3500	0	0	0	0	0	4995	0	126
43068	3500	3500	0	0	0	0	0	2082	0	126
43069	3500	3500	0	0	0	0	0	940	0	126
43073	3500	3500	0	0	0	0	0	772	0	126
43074	3500	3500	0	0	0	0	0	5355	0	126
43075	3500	3500	0	0	0	0	0	9375	0	126
43076	3500	3500	3500	3500	1575000	1	0	8928	450	126
43077	3500	3500	0	0	0	0	0	9370	0	126
43080	3500	3500	0	0	0	0	0	9048	0	126
43081	3500	3500	0	0	0	0	0	4765	0	126
43082	3500	3500	0	0	0	0	0	4205	0	126
43083	3500	3500	0	0	0	0	0	7738	0	126
43084	3500	3500	3500	3480	17491200	21	0	3681	5000	126
43087	3500	3500	0	0	0	0	0	3681	0	126
43088	3500	3500	3500	3500	70000	1	0	3661	20	126
43089	3500	3500	0	0	0	0	0	3661	0	126
43090	3500	3500	3500	3500	140000	1	0	1	40	126
43091	3500	3500	3500	3500	3185000	2	0	540	910	126
43096	3500	3500	0	0	0	0	0	3660	0	126
43097	3500	3500	0	0	0	0	0	3660	0	126
43098	3500	3500	0	0	0	0	0	5749	0	126
43102	3500	3500	3500	3500	35000	2	0	0	10	126
43103	3500	3760	3800	3500	215859000	33	0	2	57546	135.36
43104	3760	3760	0	0	0	0	0	2	0	135.36
43105	3760	3760	3500	3500	644000	3	2011	102	184	135.36
43108	3760	3760	3500	3500	350000	1	1911	2	100	135.36
43109	3760	3760	3500	3500	1225000	2	3751	2	350	135.36
43110	3760	3760	3500	3500	7000	2	3823	0	2	135.36
43111	3760	3760	3500	3500	3500000	1	2988	0	1000	135.36
43115	3760	3760	0	0	0	0	2428	0	0	135.36
43116	3760	3760	3500	3500	1064000	8	1594	0	304	135.36
43117	3760	3760	3500	3500	2310000	6	934	0	660	135.36
43118	3760	3500	3500	3500	176333500	6	12450	0	50381	126
43119	3500	3500	0	0	0	0	1900	0	0	126
43122	3500	3500	3500	3500	3115004600	4	0	3512	811370	126
43123	3500	3500	3500	3500	2170000	2	0	0	620	126
43124	3500	3500	3500	3500	17122000	4	0	0	4892	126
43125	3500	3500	3500	3500	1718500	3	580	2	491	126
43126	3500	3500	0	0	0	0	580	2	0	126
43129	3500	3500	3500	3500	357000	3	490	0	102	126
43131	3500	3840	3840	3500	2149478360	22	190	0	559766	138.24
43132	3840	3840	3840	3840	672000000	2	190	1	175000	138.24
43133	3840	3840	0	0	0	0	190	1	0	138.24
43136	3840	3840	0	0	0	0	1960	1	0	138.24
43137	3840	3840	3500	3500	1400000	3	2642	1	400	138.24
43138	3840	3840	3500	3500	3850000	3	5032	441	1100	138.24
43139	3840	3500	3500	3500	52608500	14	1	440	15031	126
43140	3500	3500	3500	3500	3500	1	0	1407	1	126
43143	3500	3500	3500	3500	1841945000	8	0	440	526270	126
43144	3500	3780	3800	3500	20840000	3	400	214624	5500	136.08
43145	3780	3780	0	0	0	0	400	214180	0	136.08
43115	3780	3540	3620	3500	761648400	5	1000	1220	214820	127.44
43147	3540	3540	3600	3600	5256000	3	1000	448	1460	127.44
43150	3540	3540	0	0	0	0	2200	451	0	127.44
43151	3540	3540	0	0	0	0	2200	451	0	127.44
43152	3540	3540	3500	3500	3220000	3	1280	448	920	127.44
43153	3540	3540	3500	3500	3500000	2	280	448	1000	127.44
43154	3540	3540	0	0	0	0	280	8	0	127.44
43157	3540	3540	0	0	0	0	310	8	0	127.44
43158	3540	3540	3500	3500	1190000	2	0	1004	340	127.44
43159	3540	3540	0	0	0	0	0	996	0	127.44
43160	3540	3540	0	0	0	0	0	1397	0	127.44
43161	3540	3540	0	0	0	0	0	1837	0	127.44
43164	3540	3540	0	0	0	0	0	1837	0	127.44
43165	3540	3540	0	0	0	0	0	1290	0	127.44
43166	3540	3540	0	0	0	0	0	5810	0	127.44
43167	3540	3540	3500	3500	280000	1	0	5849	80	127.44
43171	3540	3540	0	0	0	0	0	5841	0	127.44
43172	3540	3540	3500	3500	350000	1	0	6183	100	127.44
43173	3540	3540	0	0	0	0	5500	2653	0	127.44
43174	3540	3540	3400	3240	2386000	5	5070	3548	722	127.44
43175	3540	3540	0	0	0	0	5070	3548	0	127.44
43178	3540	3540	0	0	0	0	5070	3226	0	127.44
43179	3540	3540	3260	3260	2914440	2	5070	2946	894	127.44
43180	3540	3540	3360	3360	1344000	1	0	2056	400	127.44
43181	3540	3540	3260	3260	1437660	2	7670	1082	441	127.44
43182	3540	3540	0	0	0	0	7670	1978	0	127.44
43185	3540	3540	3260	3260	1467000	1	7220	2403	450	127.44
43187	3540	3540	3260	3260	2744920	4	8460	1765	842	127.44
43188	3540	3540	0	0	0	0	2280	2105	0	127.44
43193	3540	3540	3300	3300	1452000	2	1840	786	440	127.44
43194	3540	3540	3300	3260	10988920	6	0	1679	3330	127.44
42463	3540	3540	3400	3400	408000	2	20	1762	120	127.44
43196	3540	3540	3400	3400	408000	3	0	2968	120	127.44
43199	3540	3540	3380	3300	77660	3	2	2945	23	127.44
43200	3540	3540	3400	3380	4037600	3	9892	1755	1190	127.44
43201	3540	3540	3400	3380	2060280	3	11314	2699	606	127.44
43202	3540	3540	3400	3400	3400000	1	0	0	1000	127.44
43203	3540	3540	3400	3400	4114000	5	9104	1450	1210	127.44
43206	3540	3540	3400	3400	2590800	3	8344	1579	762	127.44
43207	3540	3540	0	0	0	0	2024	2019	0	127.44
43208	3540	3540	3380	3380	135200	1	0	2222	40	127.44
43209	3540	3540	3400	3400	3284400	5	6160	1389	966	127.44
43210	3540	3540	0	0	0	0	6160	889	0	127.44
43213	3540	3540	3400	3260	11660400	2	5130	941	3530	127.44
43214	3540	3540	3500	3500	3290000	3	11190	1	940	127.44
43215	3540	3540	0	0	0	0	11610	1047	0	127.44
43217	3540	3540	0	0	0	0	6550	1047	0	127.44
43220	3540	3540	0	0	0	0	6490	449	0	127.44
43222	3540	3540	0	0	0	0	6490	0	0	127.44
43223	3540	3540	3520	3520	7708800	2	6490	50	2190	127.44
43224	3540	3540	3520	3520	1548800	2	6158	50	440	127.44
43227	3540	3540	3520	3520	28160	2	90	51	8	127.44
43228	3540	3540	3520	3520	316800	2	10	1880	90	127.44
43229	3540	3540	3520	3500	385200	3	10	1870	110	127.44
43230	3540	3540	3500	3500	8225000	5	8260	453	2350	127.44
43231	3540	3540	0	0	0	0	8260	453	0	127.44
43234	3540	3540	0	0	0	0	8260	452	0	127.44
43235	3540	3520	3520	3500	40691140	3	0	10	11560	126.72
43236	3520	3520	3500	3500	1155000	2	0	2800	330	126.72
43237	3520	3520	3520	3500	10678200	7	8406	704	3050	126.72
43238	3520	3520	3400	3400	1502800	2	7964	704	442	126.72
43241	3520	3520	3400	3400	2040000	1	7364	704	600	126.72
43242	3520	3520	0	0	0	0	7364	704	0	126.72
43243	3520	3520	3400	3400	1543600	2	6910	704	454	126.72
43244	3520	3520	0	0	0	0	0	0	0	126.72
43245	3520	3520	0	0	0	0	0	920	0	126.72
43248	3520	3520	0	0	0	0	0	920	0	126.72
43249	3520	3520	0	0	0	0	0	1120	0	126.72
43250	3520	3500	3500	3500	422835000	3	0	1122	120810	126
43251	3500	3500	3460	3460	3183200	1	1080	202	920	126
43252	3500	3500	0	0	0	0	1080	202	0	126
43255	3500	3500	3460	3460	3460000	1	80	202	1000	126
43256	3500	3500	0	0	0	0	80	2	0	126
43257	3500	3500	3460	3460	276800	1	0	322	80	126
43258	3500	3500	3460	3460	346000	1	0	220	100	126
43259	3500	3500	0	0	0	0	0	220	0	126
43262	3500	3500	0	0	0	0	864	660	0	126
43263	3500	3500	3400	3400	2114800	5	242	440	622	126
43264	3500	3500	3500	3480	316881200	2	9702	0	90540	126
43265	3500	3500	3400	3400	822800	2	0	501	242	126
43269	3500	3500	3400	3400	1883600	8	5410	0	554	126
43270	3500	3500	3400	3400	68000	1	5390	2	20	126
43271	3500	3500	3400	3400	74800	2	5383	0	22	126
