Date 	"Opening Price
(TZS)"	"Closing Price
(TZS)"	High (TZS)	"Low
(TZS)"	"Turnover
(TZS)
"	"Number of 
deals"	"Outstanding
shares bids"	"Outstanding
Offers"	"Number of 
share 
traded
"	"Market Cap 
(TZS) 
Billions"
06/01/2014	8000	8000	8000	8000	792000	6	2900	49100	99	2359.43
07/01/2014	8000	8000	8000	7980	123535000	21	2900	49200	15442	2359.43
08/01/2014	8000	8000	8000	8000	20120000	13	0	42700	2515	2359.43
09/01/2014	8000	8000	8000	8000	1022880000	40	3400	73700	127860	2359.43
10/01/2014	8000	8000	8000	8000	1000800000	18	3400	52100	125100	2359.43
15/01/2014	8000	8000	8000	8000	605744000	47	12500	0	75718	2359.43
16/01/2014	8000	8000	8000	8000	286400000	12	48800	0	35800	2359.43
17/01/2014	8100	8100	8100	8000	386494500	34	49300	13300	47716	2388.92
20/01/2014	8100	8000	8100	8000	15300000	6	60400	20400	1900	2359.43
21/01/2014	8100	8100	8100	8000	435974000	12	71500	24600	53843	2388.92
22/01/2014	8000	8000	8000	8000	19368000	3	39100	24500	2421	2359.43
23/01/2014	8100	8100	8100	8000	101952000	16	56500	100	12619	2388.92
24/01/2014	8100	8100	8100	8000	15134000	22	33500	0	1873	2388.92
27/01/2014	8100	8100	8100	8100	8910000	3	37000	12500	1100	2388.92
28/01/2014	8100	8100	8100	8100	51305400	10	33000	19700	6334	2388.92
29/01/2014	8100	8100	8100	8100	58514400	6	3000	12500	7224	2388.92
30/01/2014	8100	8100	8100	8100	3807000	6	3400	12500	470	2388.92
31/01/2014	8100	8100	8100	8100	3726000	3	0	3700	460	2388.92
03/02/2014	8000	8000	8000	8000	67200000	8	10500	5000	8400	2359.43
04/02/2014	8000	8000	8100	8000	46835000	4	5700	9200	5850	2359.43
05/02/2014	8000	8000	8000	8000	73616000	12	21000	6200	9202	2359.43
06/02/2014	8100	8100	8100	8000	33672000	9	31500	29700	4184	2388.92
07/02/2014	0	0	0	0	0	0	20800	30400	0	2388.92
10/02/2014	8000	8000	8100	8000	33265000	9	17300	37000	4150	2359.43
11/02/2014	8000	8000	8000	8000	9256000	5	8300	37800	1157	2359.43
12/02/2014	8100	8100	8100	8100	4860000	3	7500	23800	600	2388.92
13/02/2014	8100	8000	8100	8000	50005000	6	9100	28500	6250	2359.43
14/02/2014	8000	8000	8000	8000	13600000	2	10700	13300	1700	2359.43
17/02/2014	8000	8100	8100	8000	3382000	3	10600	19100	420	2388.92
18/02/2014	8000	8000	8100	8000	9205000	5	9500	6700	1150	2359.43
19/02/2014	8100	8100	8100	8000	33322000	5	3400	6700	4164	2388.92
20/02/2014	8100	8100	8100	8000	57820000	12	2100	5900	7200	2388.92
21/02/2014	8100	8100	8100	8100	810000	1	2100	2600	100	2388.92
24/02/2014	8100	8000	8100	8000	3220000	2	1900	5900	400	2359.43
25/02/2014	8000	8000	8000	8000	7584000	9	0	8000	948	2359.43
26/02/2014	8000	8000	8000	8000	29600000	10	0	3500	3700	2359.43
27/02/2014	8000	8000	8100	8000	19210000	6	15000	3300	2400	2359.43
28/02/2014	8100	8100	8100	8100	19205100	7	15000	6000	2371	2388.92
03/03/2014	8000	8000	8100	8000	1246576000	5	14300	6000	146700	2359.43
04/03/2014	8100	8100	8100	8100	61065900	21	14300	1800	7539	2388.92
05/03/2014	8100	8000	8100	8000	4030000	2	0	6300	500	2359.43
06/03/2014	8100	8000	8100	8000	405000	4	0	7000	50	2359.43
07/03/2014	8100	8000	8100	8000	631800	3	0	10000	78	2359.43
10/03/2014	8100	8000	8100	8000	380700	3	0	7700	47	2359.43
11/03/2014	0	0	0	0	0	0	0	14400	0	2359.43
12/03/2014	8000	8000	8000	8000	800000	1	0	14200	100	2359.43
13/03/2014	8000	8000	8000	8000	1069775000	7	0	8400	126150	2359.43
14/03/2014	8000	8000	8000	8000	3600000	3	0	0	450	2359.43
17/03/2014	8000	8000	8000	8000	7992200	8	0	5100	999	2359.43
18/03/2014	8000	8000	8100	8000	9293000	12	0	7000	1161	2359.43
19/03/2014	8000	8000	8100	8000	3208000	8	0	4700	401	2359.43
25/11/1921	8000	8000	8100	8000	1584000	5	0	4700	198	2359.43
21/03/2014	8000	8000	8000	8000	1128000	4	0	8400	141	2359.43
24/03/2014	8000	8000	8000	8000	16000000	2	0	9100	2000	2359.43
26/03/2014	8000	8000	8000	8000	16096000	8	0	10800	2012	2359.43
27/03/2014	8000	8000	8000	8000	8800000	6	0	9100	1100	2359.43
28/03/2014	8000	8000	8000	8000	80880000	12	0	9100	10110	2359.43
31/03/2014	0	0	0	0	0	0	0	11900	0	2359.43
01/04/2014	8000	8000	8000	8000	8560000	9	0	13700	1070	2359.43
02/04/2014	8000	8000	8000	8000	1040000	4	0	27000	130	2359.43
03/04/2014	8000	8000	8000	8000	279360000	21	100	0	34920	2359.43
04/04/2014	8000	8000	8000	8000	13648000	8	4600	300	1706	2359.43
08/04/2014	0	0	0	0	0	0	9600	300	0	2359.43
09/04/2014	8000	8000	8000	8000	80400000	9	0	41400	10500	2359.43
10/04/2014	8000	8000	8000	8000	7871294800	36	0	300	868469	2359.43
11/04/2014	8000	8000	8000	8000	5664000	6	0	300	708	2359.43
14/04/2014	8000	8000	8000	8000	77384000	8	12700	300	9673	2359.43
15/04/2014	8000	8000	8000	8000	34080000	5	12500	300	4260	2359.43
16/04/2014	0	0	0	0	0	0	17600	300	0	2359.43
17/04/2014	8000	8040	8100	8000	12020000	6	22700	100	1500	2371.22
22/04/2014	8000	8000	8000	8000	44768000	12	15500	0	5596	2359.43
23/04/2014	8000	8000	8000	8000	18400000	3	16800	100	2300	2359.43
24/04/2014	8000	8000	8000	8000	33632000	4	16800	100	4204	2359.43
25/04/2014	8000	8000	8000	8000	40000000	2	11100	100	5000	2359.43
28/04/2014	8000	8000	8000	8000	1280000	6	17400	100	160	2359.43
29/04/2014	8000	8000	8000	8000	800000	1	12400	0	100	2359.43
30/04/2014	8000	8000	8000	8000	11456000	8	8700	100	1432	2359.43
02/05/2014	8100	8100	8100	8000	58310000	4	49700	0	7200	2388.92
05/05/2014	8100	8100	8100	8100	4681800	3	45500	0	578	2388.92
06/05/2014	8100	8100	8100	8100	298258200	16	41500	0	36822	2388.92
07/05/2014	8100	8100	8100	8100	17269200	11	41500	0	2132	2388.92
08/05/2014	0	0	0	0	0	0	61600	2300	0	2388.92
09/05/2014	8100	8100	8100	8100	4050000	2	65400	2300	500	2388.92
12/05/2014	8100	8100	8100	8100	3223800	4	30800	2300	398	2388.92
13/05/2014	8100	8100	8100	8100	1458000	3	63700	2300	180	2388.92
14/05/2014	8100	8100	8100	8100	9720000	2	44400	0	1200	2388.92
15/05/2014	8120	8120	8120	8100	17409120	7	74200	2300	2144	2394.82
16/05/2014	8120	8120	8140	8120	207199480	8	78900	400	25029	2394.82
19/05/2014	8160	8160	8160	8140	89645620	9	56900	0	10987	2406.62
20/05/2014	8160	8160	8180	8160	13971440	15	65200	0	1712	2406.62
21/05/2014	8160	8160	8160	8160	15863040	6	43300	0	1944	2406.62
22/05/2014	8160	8180	8180	8160	20096120	9	49200	0	2457	2412.51
23/05/2014	8200	8200	8200	8180	10639000	7	75400	0	1300	2418.41
26/05/2014	8200	8200	8200	8200	410000	1	66700	0	50	2418.41
27/05/2014	8220	8220	8220	8200	10274000	6	68600	0	1250	2424.31
28/05/2014	8240	8240	8220	8200	128743280	5	140300	0	14197	2430.21
29/05/2014	8400	8400	8400	8400	348240000	3	96100	0	41100	2477.4
30/05/2014	8640	8640	8640	8460	65932400	6	52400	0	7640	2548.18
02/06/2014	8480	8480	8500	8480	8905000	2	122400	0	1050	2500.99
03/06/2014	8500	8500	8500	8500	12911500	5	92500	0	1519	2500.99
04/06/2014	8500	8540	8540	8500	4703500	2	50600	0	551	2518.69
05/06/2014	8500	8540	8540	8500	768600	2	50600	0	90	2518.69
06/06/2014	8580	8580	8580	8580	858000	1	28200	0	100	2530.49
09/06/2014	8740	8740	8740	8740	55062000	4	30400	0	6300	2577.67
10/06/2014	8740	8740	8740	8740	192912720	1	100400	200	22022	2577.67
11/06/2014	8740	8740	8740	8740	1730520	7	31500	0	198	2577.67
12/06/2014	8780	8800	8800	8740	218008060	19	39300	0	24819	2595.37
13/06/2014	8800	9000	9000	8800	161580000	11	28900	0	18200	2654.36
16/06/2014	9000	9000	9000	9000	180000	1	29200	0	20	2654.36
16/06/2014	9020	9020	9020	8980	25200080	8	27700	0	2796	2660.25
18/06/2014	9020	9020	9040	9020	2852520	7	21100	0	316	2660.25
19/06/2014	9500	9500	9500	9020	"1,165,155,80"	17	3300	15700	122650	2801.82
20/06/2014	9500	9500	9500	9500	1367050000	11	3100	51800	143900	2801.82
23/06/2014	9500	9600	9600	9500	555346000	8	47100	0	58288	2831.31
24/06/2014	9600	9600	9600	9500	66428000	14	54900	0	6920	2831.31
25/06/2014	0	0	0	0	0	0	52100	0	0	2831.31
26/06/2014	9700	9700	9700	9700	68385000	2	58900	1800	7050	2860.81
27/06/2014	0	0	0	0	0	0	7160	1800	0	2860.81
30/06/2014	0	0	0	0	0	0	7200	1800	0	2860.81
01/07/2014	9900	9900	9700	9700	126779400	14	16300	1800	12806	2919.79
01/07/2014	9900	9900	9700	9700	126779400	14	16300	1800	12806	2919.79
03/07/2014	9900	9900	9900	9900	3861000	2	10560	0	390	2919.79
04/07/2014	9900	9900	9900	9900	14850000	6	40690	0	1500	2919.79
08/07/2014	9900	9900	9900	9900	2970000	3	57090	0	300	2919.79
09/07/2014	9910	9910	9910	9910	9910000	2	0	0	1000	2922.74
10/07/2014	9920	9930	9940	9920	328196430	7	0	0	33051	2928.64
11/07/2014	10000	10000	10000	9960	69406000	10	0	0	6943	2949.28
14/07/2014	0	0	0	0	0	0	0	0	0	2949.28
15/07/2014	10400	10400	10010	10010	12402000	2	0	0	1200	2952.23
16/07/2014	10050	10050	10030	10030	12956200	6	0	0	1290	2961.08
17/07/2014	10100	10100	10100	10100	2068400	3	0	0	205	2961.08
18/07/2014	10130	10130	10100	10130	31958020	7	0	0	3155	2987.63
21/07/2014	11500	11500	11500	11500	16797880000	6	0	0	1407120	3391.68
22/07/2014	10130	11500	11500	10130	88139000	3	0	0	7700	3391.68
23/07/2014	11500	11500	11500	11500	12822500	6	0	0	1115	3391.68
24/07/2014	11500	11500	11500	11500	1265000	1	0	0	110	3391.68
25/07/2014	11500	11500	11510	11500	248826000	5	0	0	21630	3391.68
28/07/2014	0	0	0	0	0	0	0	0	0	3391.68
31/07/2014	11500	11500	11500	11500	748098000	40	0	0	65052	3391.68
01/08/2014	12000	12000	12000	12000	184920000	13	0	0	15410	3539.14
04/08/2014	12000	12000	12000	12000	76104000	13	0	0	6342	3539.14
05/08/2014	13000	12590	13000	12000	22667000	5	0	0	1800	3713.15
06/08/2014	13000	13000	13000	13000	54990000	6	0	0	4230	3834.07
07/08/2014	13000	13000	13000	13000	42510000	1	0	0	3270	3834.07
11/08/2014	14000	13310	14000	13010	607998000	26	0	0	45670	3925.5
12/08/2014	13010	13400	13500	13010	136231700	5	0	0	10170	3952.04
13/08/2014	13500	13440	13500	13010	28060600	3	0	0	1070	3963.84
14/08/2014	0	0	0	0	0	0	0	0	0	3963.84
15/08/2014	13500	13500	13500	13500	18360000	7	0	0	1360	3981.53
18/08/2014	13500	13490	13500	13400	25235000	3	0	0	1870	3978.58
19/08/2014	13100	13370	13500	13100	18053000	8	0	0	1350	3943.19
20/08/2014	13100	13030	13100	13000	39877000	12	0	0	3060	3842.92
21/08/2014	13110	13130	13130	13110	46995400	16	0	0	3580	3872.41
22/08/2014	13100	13380	13500	13100	2605988160	17	0	0	143428	3946.14
25/08/2014	13100	13030	13100	13000	39877000	12	0	0	3060	3842.92
26/08/2014	13100	13100	13100	13100	46963500	8	0	0	3585	3863.56
27/08/2014	13100	13100	13100	13100	22663000	3	0	0	1730	3863.56
28/08/2014	13500	13540	13700	13500	174702000	9	0	0	12900	3993.33
29/08/2014	13700	13710	13710	13700	32022067500	6	0	0	2001610	4043.47
01/09/2014	13710	13710	13710	13710	3153300	2	0	0	230	4043.47
02/09/2014	13710	13710	13710	13710	6032400	2	0	0	440	4043.47
03/09/2014	13710	13710	13710	13710	7540500	7	0	0	550	4043.47
04/09/2014	13710	13710	13710	13710	41130	1	0	0	3	4043.47
05/09/2014	13720	13790	13800	13720	47727440	5	0	0	3462	4067.06
08/09/2014	13800	13800	13800	13800	27600000	2	0	0	2000	4070.01
09/09/2014	13810	14980	15020	13810	157738000	8	0	0	10530	4418.03
10/09/2014	15250	15980	16000	15250	115554500	16	0	0	7230	4712.96
11/09/2014	16000	16000	16000	16000	1200800000	2	0	0	75050	4718.86
12/09/2014	16100	16440	17000	16100	155362500	12	33970	1390	9450	4848.62
15/09/2014	16100	16030	16100	16000	1840560200	13	29649	1610	114820	4727.7
16/09/2014	16080	16000	16100	15250	294666480	14	1015	2500	18420	4718.86
17/09/2014	16000	16090	16100	16000	249699000	11	55	1390	15520	4745.4
18/09/2014	16100	16890	16890	16000	4161877800	18	1850	577	246350	4981.34
19/09/2014	15550	16020	16100	15550	108025250	15	4140	640	6742	4724.75
22/09/2014	16100	16100	16100	16100	8050000	1	3640	647	500	4748.35
23/09/2014	16100	16020	16100	16000	72569300	10	4190	1070	4530	4724.75
24/09/2014	16100	16100	16100	16100	31556000	6	9330	11677	1960	4748.35
25/09/2014	16100	16070	16100	16000	1281949000	14	1708	31677	80050	4739.5
26/09/2014	16100	16100	16100	16100	14490000	3	53990	30600	900	4748.35
29/09/2014	16200	16230	16500	16200	174796800	6	46146	20600	10770	4786.69
30/09/2014	16500	16960	17000	16500	395285500	14	20080	0	23311	5001.99
01/10/2014	17200	17250	17600	17200	141701500	10	14093	0	8215	5087.52
02/10/2014	17600	17600	17600	17600	4576000	5	14493	0	260	5190.74
03/10/2014	17700	17700	17700	17700	36639000	7	20200	0	2070	5220.23
06/10/2014	17700	17720	17800	17700	7343040000	7	23729	400	401300	5226.13
07/10/2014	18200	18020	18200	18000	235776000	16	13187	70	13085	5314.61
08/10/2014	18200	18550	19000	18200	194234000	6	5468	0	10470	5470.92
09/10/2014	18550	18130	18500	18000	65657000	8	2897	119810	3621	5347.05
10/10/2014	18130	18210	18500	18100	2320005000	11	2747	10000	123450	5370.65
13/10/2014	19000	18580	19000	18500	15439000	13	430457	50970	831	5479.77
15/10/2014	18100	18100	18100	18100	22625000	4	370	61945	1	5338.21
16/10/2014	18100	18330	18500	18100	63412000	9	427710	60565	3460	5406.04
17/10/2014	18330	18420	18500	18400	81627300	13	430320	21224	4431	5432.58
20/10/2014	18420	18470	18500	18300	"42.775,200"	15	428710	26340	2316	5447.33
21/10/2014	18470	17240	18300	16010	14656700	9	428340	35450	850	5084.57
22/10/2014	18000	18350	18390	18020	9764240	21	433340	17110	532	5411.94
23/10/2014	18350	18010	18390	18000	95643900	3	630	29850	5310	5311.66
24/10/2014	18010	17840	18400	17000	258827000	16	500	18820	14505	5261.52
27/10/2014	17000	17000	17000	17000	6630000	13	124230	29190	390	5013.78
28/10/2014	16270	17000	16010	17000	22126400	18	123750	24900	1360	4798.49
29/10/2014	16010	17000	16000	17000	3057758800	9	0	24800	191100	4721.8
30/10/2014	16930	17000	16000	17000	1724440000	40	0	10730	101840	4993.14
31/10/2014	16980	17000	16000	17000	518000000	9	0	126960	30500	5007.89
03/11/2014	16010	16100	16000	16100	16810000	4	4300	168060	1050	4721.8
04/11/2014	16000	16000	16000	16000	68400000	13	1000	229950	4275	4718.86
05/11/2014	16000	16100	16000	16100	322644500	11	3400	223880	20160	4718.86
06/11/2014	16000	16000	16000	16000	36480000	7	1120	223880	2280	4718.86
07/11/2014	16000	16000	16000	16000	11520000	18	1000	40250	720	4718.86
10/11/2014	15670	16000	15500	16000	28840000	7	0	96940	1840	4621.53
11/11/2014	16000	16000	16000	16000	18320000	14	3	72180	1145	4718.86
12/11/2014	15550	16000	15500	16000	22813500	13	0	84741	1467	4586.14
13/11/2014	15000	15000	15000	15000	13500000	4	0	97860	900	4423.93
14/11/2014	15500	15500	15500	15500	3007000	2	0	41940	194	4571.39
17/11/2014	15500	15500	15500	15500	155000	1	7000	41980	10	4571.39
18/11/2014	15000	15000	15000	15000	294060000	23	100	15650	19604	4423.93
19/11/2014	15000	15000	15000	15000	12150000	7	0	65610	810	4423.93
20/11/2014	15000	0	0	0	0	0	0	67830	0	4423.93
21/11/2014	14990	15000	14990	15000	6911500	9	0	13220	461	4420.98
24/11/2014	14990	0	0	0	0	0	0	63220	0	4420.98
25/11/2014	14500	14500	14500	14500	3633990000	5	0	47600	250620	4276.46
26/11/2014	14500	14500	14500	14500	61190000	8	1	88220	4220	4276.46
27/11/2014	14500	14500	14500		363080000	7	0	96580	25040	4276.46
28/11/2014	14490	14490	14490	14490	4347000	2	0	101280	300	4273.51
01/12/2014	14490	14490	14490	14490	10143000	2	410	64580	700	4273.51
02/12/2014	14000	14000	14000	14000	3630740000	2	0	29580	250410	4129
03/11/2014	14260	14300	14200	14300	1407985000	5	0	5800	100560	4205.68
04/12/2014	14000	14000	14000		30240000	10	0	63970	2160	4129
05/12/2014	14000	14000	14000	14000	602392000	22	1226	79510	43028	4129
08/12/2014	13500	13500	13500	13500	16470000	2	6	50000	1220	3981.53
10/12/2014	13500	13500	13500	13500	6750000	1	6	55780	500	3981.53
11/11/2014	13490	13500	13490	13500	894545000	4	106	53470	66310	3978.58
12/12/2014	13140	13500	13000	13500	72281000	16	310	38471	5501	3875.36
15/12/2014	13000	13000	13000	13000	17420000	4	163	87631	1340	3834.07
16/12/2014	13000	13000	12990	13000	539623100	14	5	244700	41510	3834.07
17/12/2014	13320	13490	13000	13490	3113930700	38	400	2500	232819	3928.45
18/12/2014	13000	13000	12990	13000	33789000	4	0	22000	2600	3834.07
19/12/2014	13000	13000	12990	13000	2244136800	32	5	19250	172626	3834.07
22/12/2014	13000	13000	12900	13000	2688189800	19	8	0	206816	3834.07
23/12/2014	13000	13000	12990	13000	847664950	8	487	0	65205	3834.07
24/12/2014	13000	13000	13000	13000	2620020000	11	487	0	201540	3834.07
29/12/2014	13010	13100	13000	13100	10925000	5	26739	0	840	3837.02
30/12/2014	13510	14000	13000		1406733800	22	2339	0	104150	3984.48
31/12/2014	14090	15000	13500	15000	1550000000	6	2409	0	110000	4155.54
05/01/2015	14090	14430	14500	13100	30310000	7	1120	69050	2100	4255.82
06/01/2015	14430	14450	14500	14000	13435000	6	2836	68220	930	4261.72
07/01/2015	14450	14480	14500	13200	1203640000	20	20801	50850	83100	4270.56
08/01/2015	14480	14490	14500	14000	3693457000	23	3708	50850	254866	4273.51
09/01/2015	14490	14500	14500	14500	1460005000	3	3765	850	100690	4276.46
13/01/2015	14500	14500	14500	14500	4383350000	6	2865	0	302300	4276.46
14/01/2015	14500	14500	14500	13210	1789338600	30	450	4	123408	4276.46
15/01/2015	14500	14500	14520	14500	1575939000	14	9900	0	108684	4276.46
16/01/2015	14500	14500	14520	14500	676578000	23	2214	0	46650	4276.46
19/01/2015	14500	14500	14500	14500	3190000	5	2627	0	220	4276.46
20/01/2015	14500	14500	14520	14500	27216640	6	2728	0	1877	4276.46
21/01/2015	14500	14480	14500	13200	810856200	9	2106	25290	55992	4270.56
22/01/2015	14480	14500	14500	14500	2769500	11	850	25100	191	4276.46
23/01/2015	14500	14480	14500	13200	405308000	10	1630	0	28000	4270.56
26/01/2015	14480	14500	14510	14500	137543000	20	230	320	9484	4276.46
27/01/2015	14500	14500	14500	14500	78735681500	24	450	0	5430047	4276.46
28/01/2015	14500	14500	14500	14500	10237000	7	1219	5000	706	4276.46
29/01/2015	14500	14500	15000	14500	87295000	11	219	4990	6020	4276.46
30/01/2015	14500	14050	14500	14000	776205000	5	409	0	55240	4143.74
02/02/2015	14050	14500	14500	14000	39285500	10	732	2490	2710	4276.46
03/02/2015	14500	14500	14500	14400	27398000	4	588	1470	1890	4276.46
04/02/2015	14500	14500	14500	14400	1405622000	23	5058	0	96940	4276.46
05/02/2015	14500	14500	14500	14000	8523220000	11	688	0	587810	4276.46
06/02/2015	14500	14500	14600	14500	6818901000	8	512	0	470268	4276.46
09/02/2015	14500	14500	14500	14500	71093500	12	1965	0	4903	4276.46
10/02/2015	14500	14500	14500	14500	88450000	9	1657	4840	6100	4276.46
11/02/2015	14500	14340	14500	14150	15775000	3	1497	5140	1100	4229.27
12/01/2015	14340	14500	14500	14500	44950000	9	1476	8030	3100	4276.46
13/01/2015	14500	14500	14500	14490	74375100	31	605	28200	5130	4276.46
16/02/2015	14500	14500	14500	14500	320885000	19	606	30070	22130	4276.46
17/02/2015	14500	14110	14500	14000	25120000	10	39546	34920	1780	4161.44
18/02/2015	14110	14320	14500	14110	22381636700	23	39270	49690	1543580	4223.38
19/02/2015	14320	14500	14500	14110	19157974500	21	575	53090	1321245	4276.46
20/02/2015	14500	14500	14500	14500	23797922000	11	11675	24150	1641236	4276.46
23/02/2015	14500	14180	14180	14180	14112270400	2	12616	251550	973264	4182.09
24/02/2015	14180	14500	14500	14200	16599398500	18	103869	14150	1144789	4276.46
25/02/2015	14500	14500	14500	14500	40745000	31	101515	14150	2810	4276.46
26/02/2015	14500	14500	14500	14500	5510000	6	91544	0	380	4276.46
27/02/2015	14500	14290	14500	14180	22111500	19	90440	14150	1547	4214.53
02/03/2015	14290	14500	14500	14500	51040000	7	91550	14158	3520	4276.46
03/03/2015	14500	14500	15000	14500	16578500	11	2310	14145	1143	4276.46
04/03/2015	14500	14600	14600	14500	695745200	15	91204	15530	47658	4305.96
05/03/2015	14600	14500	14500	14500	23490000	8	91000	14510	1620	4276.46
06/03/2015	14500	14600	14600	14500	695745200	15	91204	15530	47658	4305.96
09/03/2015	14170	14500	14500	14500	1369293000	16	107971	400	94434	4276.46
10/03/2015	14500	14500	14500	14500	18415000	3	106540	400	1270	4276.46
11/03/2015	14500	14500	14510	14500	28785350	6	104842	400	1985	4276.46
12/03/2015	14500	14500	14500	14500	656937000	16	91650	400	45306	4276.46
13/03/2015	14500	14500	14520	14500	2068377500	8	91055	10400	142645	4276.46
16/03/2015	14500	14500	14510	14500	35532500	10	92097	10710	2450	4276.46
17/03/2015	14500	14500	14510	14500	12444180	8	1586	11500	858	4276.46
18/03/2015	14500	14520	14520	14520	5227200	1	4186	10000	360	4282.36
19/03/2015	14520	14520	14540	14500	26925280	16	91006	10000	1854	4282.36
20/03/2015	14520	15000	15000	15000	3691050000	8	74000	0	246070	4423.93
23/03/2015	15000	15000	0	0	0	0	75622	1000	0	4423.93
24/03/2015	15000	14780	15000	14000	31030000	8	75162	0	2099	4359.04
25/03/2015	14780	15000	15000	15000	3000000	1	75223	11300	200	4423.93
26/03/2015	15000	15000	15000	14500	17639500	4	75230	11150	1176	4423.93
27/03/2015	15000	15000	0	0	0	0	1167	10500	0	4423.93
30/03/2015	15000	15000	15000	15000	283800000	9	1167	0	18920	4423.93
31/03/2015	15000	15000	15000	15000	49950000	6	129	0	3330	4423.93
01/04/2015	15000	15000	15000	14500	5324485000	19	75407	1030	354979	4423.93
02/04/2015	15000	15000	0	0	0	0	75400	1030	0	4423.93
08/04/2015	15000	14850	15000	14500	5200000	9	0	1590	350	4379.69
09/04/2015	14850	14990	14990	14900	350761500	2	75850	31540	23400	4420.98
10/04/2015	14990	15000	15000	15000	7030575000	26	74250	770	468705	4423.93
13/04/2015	15000	14590	14600	14500	6565000	2	74200	19752	450	4303.01
14/04/2015	14590	14990	15000	14990	76299200	4	74200	26092	5090	4420.98
15/04/2015	14990	14670	15000	14500	5838080100	10	74630	26080	389232	4326.6
16/04/2015	14670	14980	14980	14500	6230208000	8	430	26000	415385	4418.03
17/04/2015	14980	14550	14980	14500	11618040	9	74040	1067320	798	4291.21
20/04/2015	14550	14200	14500	13500	4830000	7	0	1067080	340	4187.98
21/04/2015	14200	14200	0	0	0	0	0	1046240	0	4187.98
22/04/2015	14200	14710	14750	14000	5939945750	23	23129	1045610	402807	4338.4
23/04/2015	14710	14720	14750	14500	6882412500	17	10204	3880	472925	4341.35
24/04/2015	14720	14500	14500	14500	20300000	7	8814	6380	1400	4276.46
27/04/2015	14500	14500	14550	14500	88164100	9	2824	3980	6080	4276.46
28/04/2015	14500	14730	14750	14500	3749781500	14	2	4940	254272	4344.3
29/04/2015	14730	14500	14500	14000	5116764000	15	0	2051	352882	4276.46
30/04/2015	14500	14500	0	0	0	0	0	2021	0	4276.46
04/05/2015	14500	14500	0	0	0	0	0	2521	0	4276.46
05/05/2015	14500	14870	15000	14500	14697636000	19	0	45390	1012641	4385.59
06/05/2015	14870	14500	14500	14500	1160000	5	5	50525	80	4276.46
07/05/2015	14500	14500	14500	14500	4495000	4	12	52465	310	4276.46
08/05/2015	14500	14500	14500	14500	4890371500	12	0	52958	337267	4276.46
11/05/2015	14500	14500	14500	14500	4098729500	12	0	50818	282671	4276.46
12/05/2015	14500	14500	0	0	1692709400	1	0	5874	115939	4276.46
13/05/2015	14500	14500	14500	14500	98600000	12	8240	3009	6800	4276.46
14/05/2015	14500	14500	14500	14500	873770000	11	0	3009	60260	4276.46
15/05/2015	14500	14500	14500	14500	2086956000	19	0	1	143928	4276.46
18/05/2015	14500	14500	14500	14500	14501638500	6	300	50003	1000113	4276.46
19/05/2015	14500	14500	14500	14490	518254580	7	0	96711	35742	4276.46
20/05/2015	14500	14490	14500	14490	11595000	2	680	97111	800	4273.51
21/05/2015	14490	14500	14750	14400	45620070700	19	180	50008	3103086	4276.46
22/05/2015	14500	14500	14500	14500	5800000	1	180	50100	400	4276.46
25/05/2015	14500	14500	14500	14500	2856500	10	180	19040	197	4276.46
26/05/2015	14500	14480	14500	14400	8690000	2	80	10547	600	4270.56
27/05/2015	14480	14500	14500	14500	5606019000	4	0	15910	386622	4276.46
28/05/2015	14500	14500	14500	14400	4074400	14	0	16090	281	4276.46
29/05/2015	14500	14500	14500	14500	891170000	28	120	190	61460	4276.46
01/06/2015	14500	14500	14500	14500	19933278500	16	4830	10823	1328933	4276.46
02/06/2015	14500	14500	14500	14500	10163480000	8	80	10733	677740	4276.46
03/06/2015	14500	14500	14500	14500	19441338500	8	1370	8820	1296163	4276.46
04/06/2015	14500	14500	14510	14500	90268000	17	4080	8820	6224	4276.46
05/06/2015	14500	15000	15000	15000	10207500000	7	4330	8630	680500	4423.93
08/06/2015	15000	14500	14500	14500	1685790000	11	1122	3634	112503	4276.46
09/06/2015	14500	14500	14510	14500	29003000	4	1426	40004	2000	4276.46
10/06/2015	14500	14500	14510	14500	3432803900	17	10836	43634	236745	4276.46
11/06/2015	14500	14500	14500	14500	1124011000	10	11297	43634	77518	4276.46
12/06/2015	14500	14500	14500	14500	7380500	10	10788	63834	509	4276.46
15/06/2015	14500	14990	15000	14500	4016911000	22	59494	0	272368	4420.98
16/06/2015	14990	14750	14750	14500	3913389000	5	58992	0	260901	4350.19
17/06/2015	14750	14750	14750	14750	1210325000	2	58292	561	80700	4350.19
18/06/2105	14750	15000	15000	15000	38415000	7	49843	0	2561	4423.93
19/06/2015	15000	15000	15000	15000	607650000	7	4043	1210	40510	4423.93
22/06/2015	15000	15000	15000	15000	8334840000	17	5005	3668	555656	4423.93
23/06/2015	15000	14500	14500	14500	2661250000	3	11607	3570	177429	4276.46
24/06/2015	14500	14500	14500	14500	7975000	2	11377	6320	550	4276.46
25/06/2015	14500	14510	14510	14510	48753600	8	9260	8000	3360	4279.41
26/06/2015	14510	14510	14510	14500	92761800	11	2786	6010	6394	4279.41
29/06/2015	14510	14510	14510	14510	2902000	1	3466	6010	200	4279.41
30/06/2015	14510	14500	14500	14500	104008500	22	909	400	7173	4276.46
01/07/2015	14500	14500	14510	14500	15559882000	14	0	0	1037463	4276.46
02/06/2015	14500	14500	14510	14500	116151700	9	6737	25200	8010	4276.46
03/07/2015	14500	14500	14500	14500	2320000	1	7283	25000	160	4276.46
06/07/2015	14500	14500	14500	14500	30870500	7	5604	25500	2129	4276.46
08/07/2015	14500	14500	14500	14500	7250000	1	5434	0	500	4276.46
09/07/2015	14500	14500	14510	14500	36976500	13	1673	0	2550	4276.46
10/07/2015	14500	15000	15000	14510	669065500	4	1137	26270	44606	4423.93
13/07/2015	15000	14500	14510	14500	454866500	54	29	950	31370	4276.46
14/07/2015	14500	14500	14500	14500	12325000	2	584	950	850	4276.46
15/07/2015	14500	14500	14500	14500	6858500	5	111	950	473	4276.46
16/07/2015	14500	14500	0	0	0	0	2013	950	0	4276.46
17/07/2015	14500	14500	14500	14500	73370000	8	33	900	5060	4276.46
20/07/2015	14500	14510	14510	14500	34819000	4	1433	900	2400	4279.41
21/07/2015	14510	14990	15000	14510	1517412000	8	428	0	101200	4420.98
22/07/2015	14990	14510	14510	14510	9431500	7	6818	2300	650	4279.41
23/07/2015	14510	14510	14510	14500	1080818890	23	14965	1856	72124	4279.41
24/07/2015	14510	14510	14510	14510	1736861510	6	40825	1851	119701	4279.41
27/07/2015	14510	14520	14520	14520	2178000	1	41055	1851	150	4282.36
28/07/2015	14520	14520	14520	14510	1466510	2	63639	1850	101	4282.36
29/07/2015	14520	14740	15000	14500	11852900	4	13321	3980	804	4347.25
30/07/2015	14740	14950	15000	14800	18611300	5	43571	4980	1245	4409.18
31/07/2015	14950	15000	15000	15000	7650000	2	0	0	510	4423.93
03/08/2015	15000	15000	15000	14800	257486000	10	37265	2400	17170	4423.93
04/08/2015	15000	14810	15000	14800	6192500	7	37060	2731	418	4367.89
05/08/2015	14810	14800	14810	14800	53917300	8	27132	331	3643	4364.94
06/08/2015	14800	14950	15000	14810	11512000	6	107183	9270	770	4409.18
07/08/2015	14950	15000	15000	14800	190005000	11	62899	0	12669	4423.93
10/08/2015	15000	15000	15000	15000	146850000	6	15269	305	9790	4423.93
11/08/2015	15000	15200	15200	15000	13312764400	9	14909	3	875850	4482.91
12/08/2015	15200	15100	15100	15100	13317365000	2	37541	1053	876150	4453.42
13/08/2015	15100	15100	15100	15020	660368800	13	34830	2503	43736	4453.42
14/08/2015	15100	15100	15110	15000	75708400	7	22832	500	5013	4453.42
17/08/2015	15100	15000	15100	14990	220375200	15	35200	505	14692	4423.93
18/08/2015	15000	15000	15000	15000	1125000	4	50137	5500	75	4423.93
19/08/2015	15000	15000	15000	15000	80505000	4	24450	598	5367	4423.93
20/08/2015	15000	15190	15300	15000	555417500	10	13575	493	36565	4479.96
21/08/2015	15190	15000	15000	15000	84450000	7	18695	993	5630	4423.93
24/08/2015	15000	15020	15150	15000	24806901800	9	22280	683	1632217	4429.83
25/08/2015	15020	15020	15020	15020	93454440	5	7370	5383	6222	4429.83
26/08/2015	15020	15000	15020	15000	35347000	6	3784	5134	2356	4423.93
27/08/2015	15000	15020	15050	15020	125493600	10	13700	0	8355	4429.83
28/08/2015	15020	15020	15020	15020	56024600	4	10080	0	3730	4429.83
31/08/2015	15020	15100	15100	15020	1052102300	8	7024	1860	69683	4453.42
01/09/2015	15100	15100	15150	15100	4908000	5	7924	2050	325	4453.42
02/09/2015	15100	15100	15100	15100	1680177000	11	44	0	111270	4453.42
03/09/2015	15100	15150	15150	15030	787560	3	72	0	52	4468.17
04/09/2015	15150	15100	15150	15100	1903616800	8	418	0	125703	4453.42
07/09/2015	15100	15260	15330	15100	32958700	12	9878	100	2160	4500.61
08/09/2015	15260	15100	15120	15100	4531500	9	7981	12200	300	4453.42
09/09/2015	15100	15130	15260	15100	41298000	4	6991	400	2730	4462.27
10/09/2015	15130	15150	15150	15150	26361000	5	7281	12400	1740	4468.17
11/09/2015	15150	15200	15210	15150	206097500	6	16941	100	13560	4482.91
14/09/2015	15200	15250	15250	15250	1525000	1	42061	100	100	4497.66
15/09/2015	15250	15210	15220	15210	1337328800	6	65360	3	87980	4485.86
16/09/2015	15210	15200	15240	15200	80544277460	39	7770	37270	5298912	4482.91
17/09/2015	15200	15200	15250	15200	22857511000	25	20716	0	1503780	4482.91
18/09/2015	15200	15200	15210	15200	1519668000	22	3993	150	99965	4482.91
21/09/2015	15200	15180	15200	15180	683204600	8	3777	14340	45000	4477.01
22/09/2015	15180	15200	15200	15100	522952000	14	3712	1850	34410	4482.91
23/09/2015	15200	15170	15200	15100	4490200	4	3710	16882	296	4474.06
25/09/2015	15170	15180	15180	15180	61630800	3	0	23142	4060	4477.01
28/09/2015	15180	15180	15200	15180	21828880	8	5	23950	1438	4477.01
29/09/2015	15180	15180	15200	15180	23483520	7	470	27391	1547	4477.01
30/09/2015	15180	15100	15180	15020	3034180	3	418	16040	201	4453.42
01/10/2015	15100	15000	15160	15000	1050960	8	702	29370	70	4423.93
02/10/2015	15000	15000	15000	15000	41250000	14	0	11770	2750	4423.93
05/09/2015	15000	15000	0	0	0	0	0	10770	0	4423.93
06/10/2015	15000	15000	0	0	1247400000	1	3092	16010	83160	4423.93
07/10/2015	15000	15000	15000	15000	75150000	3	4455	21450	5010	4423.93
08/10/2015	15000	15000	15000	15000	1515750000	26	3345	700	101050	4423.93
09/10/2015	15000	15000	15000	14500	24958500	6	3341	700	1664	4423.93
12/10/2015	15000	15000	15000	15000	3030000	2	3941	706	202	4423.93
13/10/2015	15000	15200	15200	15000	8382976200	13	2031	0	551526	4482.91
15/10/2015	15200	15200	15200	15000	1202900000	7	2841	4700	79160	4482.91
16/10/2015	15200	15200	15200	15000	8573398400	14	3641	2	564042	4482.91
19/10/2015	15200	15000	15200	15000	51789400	12	661	60780	3452	4423.93
20/10/2015	15000	15090	15200	15000	15094400	3	1990	161620	1000	4450.47
21/10/2015	15090	15000	15000	15000	909750000	18	6201	177248	60650	4423.93
22/10/2015	15000	15000	15000	15000	38137040000	11	2635	176958	2509136	4423.93
23/10/2015	15000	15190	15200	14990	8850291500	28	2630	8	582630	4479.96
26/10/2015	15190	15200	15200	15000	14783003200	18	2633	31260	972588	4482.91
27/10/2015	15200	15000	15200	15000	4950600	6	1032	30930	330	4423.93
28/10/2015	15000	15000	15000	15000	9000000	2	2032	37230	600	4423.93
29/10/2015	15000	15000	15000	15000	3000000	1	8392	30430	200	4423.93
30/10/2015	15000	15010	15100	15000	12877391570	11	2671	30430	807820	4426.88
02/11/2015	15010	15000	15000	15000	15015000	3	1670	30432	1001	4423.93
03/11/2015	15000	15100	15100	15000	435770000	5	3611	2030	28862	4453.42
04/11/2015	15100	15000	15000	15000	11504550000	7	2851	3500	756970	4423.93
06/11/2015	15000	15050	15100	15000	3025000	3	2750	5407	201	4438.67
09/11/2015	15050	15000	15000	15000	37275000	4	0	4672	2485	4423.93
10/11/2015	15000	14940	15000	14800	45083000	8	0	15882	3017	4406.23
11/11/2015	14940	14940	0	0	0	0	500	15822	0	4406.23
12/11/2015	14940	15000	15000	15000	315960000	21	2590	2000	21064	4423.93
13/11/2015	15000	15080	15100	15000	39050000	6	1030	0	2590	4447.52
16/11/2015	15080	15000	15000	15000	30000000	2	1030	250	2000	4423.93
17/11/2015	15000	15000	15000	15000	1641850000	6	0	3320	108030	4423.93
18/11/2015	15000	14990	15000	14990	513050000	12	0	26110	34220	4420.98
19/11/2015	14990	15150	15200	15000	532079000	15	259	10920	35129	4468.17
20/11/2015	15150	15000	15100	15000	80469000	10	0	11980	5363	4423.93
23/11/2015	15000	15050	15100	15000	214831000	7	0	14927	14271	4438.67
24/11/2015	15050	15000	15000	15000	321000000	8	0	20931	21400	4423.93
25/11/2015	15000	15030	15050	15000	293892500	8	320	4432	19549	4432.77
26/11/2015	15030	15000	15000	15000	10500000	3	501	4782	700	4423.93
27/11/2015	15000	15000	15000	15000	32925018100	15	31086	4562	2167841	4423.93
30/11/2015	15000	15000	15000	15000	5700000	3	2214	4560	380	4423.93
01/11/2015	15000	15000	0	0	12160000000	1	2444	4550	800000	4423.93
02/12/2015	15000	15000	15000	15000	37350000	7	23	0	2490	4423.93
03/12/2015	15000	15050	15050	15050	96470500	6	285	1450	6410	4438.67
04/12/2015	15050	15040	15050	15000	52468352750	14	2	1110	3451885	4435.72
07/12/2015	15040	15040	0	0	0	0	62	9030	0	4435.72
08/12/2015	15040	15030	15040	15000	26050707600	15	62	8010	1736620	4432.77
10/12/2015	15030	15000	15000	15000	682530000	13	24560	10557	45502	4423.93
11/12/2015	15000	15000	15000	15000	8309070000	27	0	0	553938	4423.93
14/12/2015	15000	15000	15000	15000	1125000	3	0	3411	75	4423.93
15/12/2015	15000	15000	15000	15000	1965000	2	0	0	131	4423.93
16/12/2015	15000	15000	0	0	0	0	8	16900	0	4423.93
17/12/2015	15000	15000	15000	15000	155055000	19	2000	8530	10337	4423.93
18/12/2015	15000	15000	15000	15000	10871026000	8	2003	8680	734520	4423.93
21/12/2015	15000	15000	0	0	0	0	2003	8680	0	4423.93
22/12/2015	15000	14990	15000	14950	19489000	6	2101	1020	1300	4420.98
23/12/2015	14990	14990	15000	14990	111225900	2	2011	1710	7420	4420.98
28/12/2015	14990	15000	15000	14990	109186600	9	12091	0	7280	4423.93
29/12/2015	15000	15000	15000	14950	12747500	7	12041	3450	850	4423.93
30/12/2015	15000	14800	15000	14600	1069888000	11	16941	3350	72290	4364.94
31/12/2015	14800	14800	0	0	0	0	16941	3750	0	4364.94
05/01/2016	14800	14650	14800	14650	13333000	2	100	7395	910	4320.7
06/01/2016	14650	14780	14800	14500	1011672600	17	348	7005	68442	4359.04
07/01/2016	14780	15000	15000	14900	1850485400	16	970	1	123370	4423.93
08/01/2016	15000	15000	0	0	0	0	3270	101	0	4423.93
11/01/2016	15000	15000	15000	14650	100646500	5	7979	965	6710	4423.93
13/01/2016	15000	15000	15000	14650	1142944250	13	6021	0	76205	4423.93
14/01/2016	15000	15000	15000	15000	203100000	11	5385	60	13540	4423.93
15/01/2016	15000	15000	0	0	0	0	5372	600	0	4423.93
18/01/2016	15000	15000	15000	15000	2254950000	22	5140	0	150330	4423.93
19/01/2016	15000	15000	0	0	0	0	5159	2750	0	4423.93
20/01/2016	15000	15000	15000	15000	2613960000	20	1812	0	174264	4423.93
21/01/2016	15000	14960	15000	14900	5156914000	18	1809	28240	343993	4412.13
22/01/2016	14960	15000	15000	15000	900000	2	18303	33680	60	4423.93
25/01/2016	15000	14800	15000	14800	37094200	5	17620	53841	2506	4364.94
26/01/2016	14800	14990	15000	14800	1947623200	24	16900	4	129860	4420.98
27/01/2016	14990	15000	15000	14800	5249800	4	770	2750	350	4423.93
28/01/2016	15000	15000	15000	15000	1040760000	4	460	4590	69384	4423.93
29/01/2016	15000	15000	0	0	0	0	0	4602	0	4423.93
02/02/2016	15000	15000	15000	15000	3314520000	21	630	6881	220968	4423.93
04/02/2016	15000	15000	15000	15000	375000	5	1140	122318	25	4423.93
05/02/2016	15000	15000	15000	14650	438852500	8	463	93160	29258	4423.93
08/02/2016	15000	15000	15000	15000	57195000	3	450	83552	3813	4423.93
09/02/2016	15000	14650	15000	14650	3110000	4	0	53280	212	4320.7
10/02/2016	14650	14900	14900	14900	10877000	3	1540	68130	730	4394.43
11/02/2016	14900	14900	14900	14500	198155400	5	510	49200	13300	4394.43
12/02/2016	14900	14750	14800	14700	443000	4	1041	18657	30	4350.19
15/02/2016	14750	14830	15000	14700	882974400	21	1	59380	59546	4373.79
16/02/2016	14830	14800	14890	14800	126792140	58	3	62980	8567	4364.94
17/02/2016	14800	14800	14800	14800	30636000	5	506	63070	2070	4364.94
18/02/2016	14800	14700	14800	14700	3175800	4	1490	26381	216	4335.45
19/02/2016	14700	14700	14700	14700	735000	1	4457	2130	50	4335.45
22/02/2016	14700	14700	14800	14700	4616100	5	1000	5503	314	4335.45
23/02/2016	14700	14700	14800	14700	766126700	18	1000	4010	52117	4335.45
24/02/2016	14700	14800	14900	14800	4381800	16	1009	71820	296	4364.94
25/02/2016	14800	14700	14800	14700	1543206000	11	1600	76270	105320	4335.45
26/02/2016	14700	14700	14700	14700	3087000	4	20390	79230	210	4335.45
29/02/2016	14700	14700	14710	14700	230062600	7	17151	3660	15650	4335.45
01/03/2016	14700	14700	14710	14700	556396700	16	1	70570	37850	4335.45
02/03/2016	14700	14580	14700	14500	119984200	22	2	79217	8231	4300.06
03/03/2016	14580	14410	14650	14400	13143300	6	0	73144	912	4249.92
04/03/2016	14410	14410	0	0	0	0	2730	6614	0	4249.92
07/03/2016	14410	14500	14500	14500	54839000	17	2730	18387	3782	4276.46
08/03/2016	14500	14500	14700	14500	5613777900	28	10840	3390	387157	4276.46
09/03/2016	14500	14500	14500	14500	103240000	4	1000	16912	7120	4276.46
10/03/2016	14500	14500	14500	14500	29000	1	1042	83400	2	4276.46
11/03/2016	14500	14000	14500	14000	14589000	4	0	104355	1042	4129
14/03/2016	14000	14000	14000	14000	168000	2	1000	106283	12	4129
15/03/2016	14000	14000	14000	14000	39942000	3	1005	67750	2853	4129
16/03/2016	14000	13950	14000	13000	1446960000	19	1020	60450	103735	4114.25
17/03/2016	13950	13950	0	0	0	0	305	103050	0	4114.25
18/03/2016	13950	13380	13800	13380	2423841780	17	805	110893	181154	3946.14
21/03/2016	13380	13380	0	0	0	0	795	113290	0	3946.14
22/03/2016	13380	13380	13380	13380	553142580	38	774	60740	41341	3946.14
23/03/2016	13380	13380	0	0	0	0	766	10020	0	3946.14
24/03/2016	13380	13100	13100	13100	6550000	1	0	17640	500	3863.56
29/03/2016	13100	13720	13800	13300	1005834000	18	11180	60650	73300	4046.42
30/03/2016	13720	13720	0	0	0	0	62970	55255	0	4046.42
31/03/2016	13720	13890	13900	13400	502683800	12	28425	23960	36203	4096.56
01/04/2016	13890	13790	13890	13760	417370900	7	62667	75300	30260	4067.06
04/04/2016	13790	13800	13800	13780	123647000	10	11317	72800	8960	4070.01
05/04/2016	13800	13830	13890	13800	1106665600	15	14231	62530	80021	4078.86
06/04/2016	13830	13830	13900	13830	226328160	9	1013	80840	16365	4078.86
08/04/2016	13830	13830	13830	13830	0	0	103560	32360	0	4078.86
11/04/2016	13830	13750	13830	13720	11138300	7	102060	5390	810	4055.27
12/04/2016	13750	13610	13830	13400	2228797290	13	95298	34167	161513	4013.98
13/04/2016	13610	13800	13800	13800	2898000	3	2746	64950	210	4070.01
14/04/2016	13720	13800	13800	13720	1030610880	19	92340	49200	74682	4070.01
19/04/2016	13800	13800	0	0	0	0	2815	66050	0	4070.01
20/04/2016	13800	13800	13800	13800	90597000	8	94940	17770	6565	4070.01
21/04/2016	13800	13800	13800	13800	288144000	6	123370	51000	20880	4070.01
22/04/2016	13800	13800	13800	13800	147894600	4	91611	48230	10717	4070.01
25/04/2016	13800	13800	13800	13800	98325000	14	25120	55000	7125	4070.01
27/04/2016	13800	13800	13800	13800	4692000	3	128370	6770	340	4070.01
28/04/2016	13800	13800	13800	13800	690000	1	186790	55000	50	4070.01
29/04/2016	13800	14000	14000	13800	562760000	2	154820	48230	40200	4129
02/05/2016	14000	13910	14000	13900	328095600	11	78380	54001	23589	4102.45
03/05/2016	13910	14000	14000	14000	2800000	3	99710	5779	200	4129
04/05/2016	14000	14000	14000	14000	1120000	1	91650	5779	80	4129
05/05/2016	14000	14000	14000	14000	3515442000	12	91830	5770	251103	4129
06/05/2016	14000	14000	14000	14000	1788654000	13	72830	48235	127761	4129
09/05/2016	14000	14000	14000	14000	42826000	14	144410	51000	3059	4129
10/05/2016	14000	14440	14500	14000	4065000	5	144130	49200	290	4258.77
11/05/2016	14440	14000	14200	14000	61606000	5	96860	5127	4400	4129
12/05/2016	14000	14030	14500	14000	820500000	8	147890	3970	58607	4137.85
13/05/2016	14030	14000	14000	14000	16800000	2	55130	5000	1200	4129
16/05/2016	14000	14010	14030	14000	32080700	5	53530	7090	2290	4131.95
17/05/2016	14010	14090	14200	14030	789360600	9	34550	1800	56020	4155.54
18/05/2016	14090	14100	14100	14100	799582800	6	66392	0	56708	4158.49
19/05/2016	14100	14150	14150	14150	21366500	4	75232	1800	1510	4173.24
20/05/2016	14150	14160	14160	14160	9204000	2	77392	1800	650	4176.19
23/05/2016	14160	14160	14160	14160	20673600	7	37700	1808	1460	4176.19
24/05/2016	14160	14200	14200	14160	748027280	7	38980	600	52678	4187.98
25/05/2016	14200	14200	14200	14200	2982000	2	38500	5400	210	4187.98
26/05/2016	14200	14210	14210	14210	2984100	1	38290	5400	210	4190.93
27/05/2016	14210	14200	14200	14200	2130000	1	39890	4800	150	4187.98
30/05/2016	14200	14130	14200	14000	1978000	3	39750	2720	140	4167.34
31/05/2016	14130	13870	14000	13850	21323350	8	39620	18411	1537	4090.66
01/06/2016	13870	13850	13860	13850	146261600	4	46397	18351	10560	4084.76
02/06/2016	13850	13850	13860	13850	11441500	7	46231	3401	826	4084.76
03/06/2016	13850	13850	14000	13850	24251500	4	44481	1730	1751	4084.76
06/06/2016	13850	13850	13860	13850	49464850	5	20010	1732	3571	4084.76
07/06/2016	13850	13850	0	0	0	0	68910	51462	0	4084.76
08/06/2016	13850	13860	13860	13860	1386000	1	49700	51532	100	4087.71
09/06/2016	13860	13870	14000	13850	1347070130	18	18898	51550	97122	4090.66
10/06/2016	13870	13870	14000	13870	3341600700	13	144	97470	238814	4090.66
13/06/2016	13870	13850	13850	13850	261626500	2	0	127830	18890	4084.76
14/06/2016	13850	13850	0	0	0	0	0	177920	0	4084.76
15/06/2014	13850	13750	13750	13750	1375000	1	10	132900	100	4055.27
16/06/2016	13750	13750	13750	13750	605000000	7	10	103230	44000	4055.27
17/06/2016	13750	13750	13750	13750	48537500	4	0	84596	3530	4055.27
20/06/2016	13750	13750	14000	13750	124750	3	0	85034	9	4055.27
21/06/2016	13750	13740	13750	13700	4810122750	20	0	13235	350001	4052.32
23/06/2016	13750	13700	13750	13650	354462400	31	0	99903	25873	4040.52
24/06/2016	13700	13750	13750	13750	1402500	9	2	99110	102	4055.27
27/06/2016	13750	13750	13750	13750	13750	1	0	23024	1	4055.27
28/06/2016	13750	13740	13740	13740	3160200	2	4	52994	230	4052.32
29/06/2016	13740	13730	13750	13680	78725460	8	1000	52689	5734	4049.37
30/06/2016	13730	13710	13740	13700	645466600	15	1000	31409	47068	4043.47
01/07/2016	13710	13750	13750	13730	521087940	15	1001	105	37904	4055.27
04/07/2016	13750	13750	13750	13750	38775000	5	17181	105	2820	4055.27
05/07/2016	13750	13760	14000	13750	11185212500	27	24991	2000	813470	4058.22
08/07/2016	13760	13750	13750	13750	15125000	2	29600	46150	1100	4055.27
11/07/2016	13750	13760	13760	13750	1537457200	20	14420	45655	111760	4058.22
12/07/2016	13760	13750	13750	13750	14850000	3	27240	45655	1080	4055.27
13/07/2016	13750	13880	14000	13750	18012500	6	95942	5000	1298	4093.61
14/07/2016	13880	13850	14000	13850	342123000	4	71240	73919	24702	4084.76
15/07/2016	13850	13810	13990	13750	12495800	5	25940	74038	900	4072.96
18/07/2016	13810	13750	13760	13750	118250600	3	0	51510	8600	4055.27
19/07/2016	13750	13750	13750	13750	994070000	12	24611	5000	72296	4055.27
20/07/2016	13750	13750	13750	13750	3492500	3	30531	12490	254	4055.27
21/07/2016	13750	13750	13750	13750	257812500	13	4950	8890	18750	4055.27
22/07/2016	13750	13750	13750	13750	382800000	4	0	4390	27840	4055.27
25/07/2016	13750	13750	13750	13750	13611125000	21	0	36970	989900	4055.27
26/07/2016	13750	13750	0	0	1581250000	1	0	55953	115000	4055.27
27/07/2016	13750	13740	13750	13740	2072010000	6	60	55716	150692	4052.32
28/07/2016	13740	13750	13750	13700	343887000	2	50	75689	25010	4055.27
29/07/2016	13750	13750	0	0	0	0	0	0	0	4055.27
01/08/2016	13750	13750	0	0	0	0	0	70583	0	4055.27
02/08/2016	13750	13750	13750	13750	1203125000	2	0	25710	87500	4055.27
03/08/2016	13750	13750	13750	13740	316657200	5	7	120480	23030	4055.27
04/08/2016	13750	13740	13740	13740	11679000	1	7	118900	850	4052.32
05/08/2016	13740	13740	0	0	0	0	7	127710	0	4052.32
09/08/2016	13740	13740	13740	13740	412200	1	0	117650	30	4052.32
10/08/2016	13740	13730	13730	13730	411900	1	0	152730	30	4049.37
11/08/2016	13730	13730	13730	13730	2979410	5	0	111520	217	4049.37
12/08/2016	13730	13730	13730	13730	14965700	5	1610	9066	1090	4049.37
15/08/2016	13730	13730	13730	13700	22508800	6	1008	130419	1640	4049.37
16/08/2016	13730	13690	13730	13680	498662020	13	1003	94470	36430	4037.57
17/08/2016	13690	13690	0	0	0	0	0	0	0	4037.57
18/08/2016	13690	13640	13700	13640	697153110	12	1000	103840	51110	4022.82
19/08/2016	13640	13640	0	0	0	0	0	64385	0	4022.82
22/08/2016	13640	13640	0	0	0	0	2166	78255	0	4022.82
23/07/2016	13640	13590	13600	13590	882040000	7	2166	76690	64900	4008.08
24/08/2016	13590	13500	13600	13500	1067100	4	2166	81999	79	3981.53
25/08/2016	13500	13510	13700	13500	43776000	11	2166	78760	3241	3984.48
26/08/2016	13510	13350	13420	13000	100926120	11	170	16060	7561	3937.29
29/08/2016	13350	13350	0	0	0	0	4	22050	0	3937.29
30/08/2016	13350	13350	13400	13390	147360	3	1000	18870	11	3937.29
31/08/2016	13350	13350	13000	11350	188143000	18	410	13150	15130	3937.29
01/09/2016	13350	13350	0	0	0	0	1410	25000	0	3937.29
02/09/2016	13350	13000	13000	13000	1448720000	18	1412	22540	111440	3834.07
05/09/2016	13000	13000	13000	11400	1951314200	26	410	20790	150115	3834.07
06/09/2016	13000	13000	13000	11400	1951314200	26	412	16490	150115	3834.07
07/09/2016	13000	13000	13000	11400	1951314200	26	300	9220	150115	3834.07
08/09/2016	13000	13000	13000	13000	1216800000	24	300	502	93600	3834.07
09/09/2016	13000	12990	13000	11400	1873197000	72	330	2	144193	3831.12
13/09/2016	12990	12990	12750	11400	76277800	8	19430	3951	6022	3831.12
14/09/2016	12990	12990	12850	12750	104570000	3	95280	3951	8200	3831.12
15/09/2016	12990	12990	12900	12850	11708400	4	28038	3910	911	3831.12
16/09/2016	12990	12850	12900	12850	1363899500	8	45608	400	106140	3789.83
19/09/2016	12850	12850	12850	12850	5839284150	29	10615	402	454419	3789.83
20/09/2016	12850	12850	13000	12850	2570060000	10	15	2	200000	3789.83
21/09/2016	12850	12850	12900	11500	148876000	8	40565	3	11550	3789.83
22/09/2016	12850	12850	12800	12700	41445000	3	45565	37106	3250	3789.83
23/09/2016	12850	12800	12900	12800	6453235300	9	3	37250	504159	3775.08
26/09/2016	12800	12800	12800	12700	3346952000	6	10618	39552	261490	3775.08
27/09/2016	12800	12800	12800	12700	5154800800	16	18118	1732	402736	3775.08
28/09/2016	12800	12800	12800	11800	8293988400	21	18116	8830	647968	3775.08
29/09/2016	12800	12800	12900	12800	131291200	18	61613	2320	10257	3775.08
30/09/2016	12800	13000	13000	12800	1178740900	17	48356	1683	90701	3834.07
03/10/2016	13000	13000	13000	12800	1703228700	4	36916	5060	131033	3834.07
04/10/2016	13000	13000	13000	13000	995475000	14	76290	39950	76575	3834.07
05/10/2016	13000	13000	13000	13000	89492000	9	69486	39952	6884	3834.07
06/10/2016	13000	13000	13000	13000	10816000	9	68656	39855	832	3834.07
07/10/2016	13000	13100	13100	13000	653085000	14	64289	35950	49875	3863.56
10/10/2016	13100	13100	13200	13000	832007600	12	38609	11480	63376	3863.56
11/10/2016	13100	13100	13100	13100	114494000	6	37303	2100	8740	3863.56
12/10/2016	13100	13100	13200	13100	99038800	14	60012	16561	7558	3863.56
13/10/2016	13100	13100	13200	13100	1825345900	11	79798	1500	139269	3863.56
16/10/2016	13100	13100	13200	13200	110787600	12	44646	2470	8393	3863.56
18/10/2016	13100	13100	13200	13200	73920000	9	114085	970	5600	3863.56
19/10/2016	13100	13100	13200	13200	16645200	11	162960	2470	1261	3863.56
20/10/2016	13100	13200	13300	13200	638807200	14	107079	1974	48231	3893.06
21/10/2016	13200	13200	13300	13200	195613800	10	156932	1000	14709	3893.06
24/10/2016	13200	13200	13300	13200	132240000	5	96192	1000	9950	3893.06
25/10/2016	13200	13200	13300	13300	3458000	3	39749	7026	260	3893.06
26/10/2016	13200	13200	13300	13300	6783000	4	11280	7021	510	3893.06
27/10/2016	13200	13300	13300	13300	4597810000	11	11280	7021	345700	3922.55
28/10/2016	13300	13300	13300	13300	399000000	2	11283	7021	30000	3922.55
29/10/2016	13300	13300	13200	13200	132000	1	11273	10011	10	3922.55
01/11/2016	13300	13300	13200	13100	64721000	7	9403	2301	4940	3922.55
02/11/2016	13300	13300	13300	13100	1982952300	8	3000	1001	146913	3922.55
03/11/2016	13300	13500	13500	13100	698256700	6	3351	6030	51723	3981.53
04/11/2016	13500	13500	13100	13000	33185000	4	1103	6030	2550	3981.53
07/11/2016	13500	13500	13100	13100	124581000	7	1181	2740	9510	3981.53
08/11/2016	13500	13500	13000	13000	1300000	2	321	4740	100	3981.53
09/11/2016	13500	13500	13500	13200	380658000	8	321	0	28420	3981.53
10/11/2016	13500	13500	13500	13300	2712506800	13	20	0	203322	3981.53
11/11/2016	13500	13500	0	0	0	0	838	0	0	3981.53
14/11/2016	13500	13500	13500	13500	476820000	12	310	21065	35320	3981.53
15/11/2016	13500	13500	13500	13500	972000	2	300	55630	72	3981.53
16/11/2016	13500	13400	13500	13400	626092200	10	306	30430	46533	3952.04
17/11/2016	13400	13400	13400	13300	2619573000	10	2480	34450	195500	3952.04
18/11/2016	13400	13400	13400	12000	11586000	8	1400	43451	896	3952.04
21/11/2016	13400	13400	0	0	0	0	1600	45806	0	3952.04
22/11/2016	13400	13400	11600	11600	1160000	1	3500	19056	100	3952.04
23/11/2016	13400	13400	13500	12000	283743000	13	3500	57731	21681	3952.04
24/11/2016	13400	13400	0	0	0	0	11900	57317	0	3952.04
25/11/2016	13400	13400	0	0	0	0	1900	56597	0	3952.04
27/11/2016	13400	13400	11600	11600	5220000	2	1450	33486	450	3952.04
29/11/2016	13400	13400	11600	11600	8700000	4	6	33554	750	3952.04
30/11/2016	13400	13400	12600	11600	48065200	14	13522	3576	4102	3952.04
01/12/2016	13400	13400	0	0	0	0	20523	33636	0	3952.04
02/12/2016	13400	13400	12400	12000	8412400	2	12982	58746	701	3952.04
05/12/2016	13400	13400	12100	12000	21136000	3	11222	100875	1760	3952.04
06/12/2016	13400	13400	13000	12000	49163800	19	14788	125391	4095	3952.04
07/12/2016	13400	13400	12000	12000	269856000	13	0	120091	22488	3952.04
08/12/2016	13400	13000	13000	12400	507470400	7	50	88410	39106	3834.07
13/12/2016	13000	13000	13000	12400	1368100000	11	0	36810	105310	3834.07
14/12/2016	13000	12000	13000	11500	1541464000	20	1600	39630	128436	3539.14
15/11/2016	12000	12000	12000	12000	2099280000	14	2500	9700	174940	3539.14
16/12/2016	12000	12000	0	0	0	0	2500	10090	0	3539.14
19/12/2016	12000	12000	11900	11900	595000	5	2504	10640	50	3539.14
20/12/2016	12000	12000	10600	10600	954000	2	5089	3330	90	3539.14
21/12/2016	12000	12000	10700	10600	1857267000	7	4579	2650	154831	3539.14
22/12/2016	12000	12000	10700	10700	2675000	2	2259	4830	250	3539.14
23/12/2016	12000	12000	12000	11900	1633085000	19	3459	30040	136100	3539.14
27/12/2016	12000	12000	12000	12000	120000	1	3455	31030	10	3539.14
28/12/2016	12000	12000	0	0	0	0	3455	31250	0	3539.14
29/12/2016	12000	12000	12000	12000	1423200000	10	3455	29565	118600	3539.14
30/12/2016	12000	12000	11800	11800	5687718000	5	2387	503	482010	3539.14
03/01/2017	12000	12000	0	0	0	0	2500	10090	0	3539.14
04/01/2017	11400	11400	11000	11000	2280550000	2	2	16009	200050	3362.18
05/01/2017	11400	11400	11400	11300	5783568600	27	172	498	507336	3362.18
06/01/2017	11400	11400	11400	11400	2280000	1	2170	560	200	3362.18
09/01/2017	11400	11400	11400	11000	67377000	10	2200	480	5960	3362.18
10/01/2017	11400	11400	11600	11400	748594000	13	10370	30048	65460	3362.18
11/01/2017	11400	11900	12000	11000	411581400	18	2430	30040	34432	3509.65
13/01/2017	11900	11400	11400	11400	4176618000	8	295	81493	366370	3362.18
16/01/2017	11400	11400	11400	11000	175794000	8	2025	81513	15430	3362.18
17/01/2017	11400	11400	11400	11000	129053600	17	2054	81510	11324	3362.18
18/01/2017	11400	11400	11000	11000	1144000	3	2050	101144	104	3362.18
19/01/2017	11400	11400	11000	10000	318841000	8	1890	118893	29261	3362.18
20/01/2017	11400	11400	10000	10000	2000000	1	2190	68223	200	3362.18
23/01/2017	11400	11400	10000	10000	21900000	4	2300	37803	2190	3362.18
24/01/2017	11400	11400	11000	9700	11668000	6	1190	89184	1202	3362.18
25/01/2017	11400	11400	9700	9700	10670000	3	6090	73363	1100	3362.18
26/01/2016	11400	11400	10000	9700	192710000	12	0	55893	19290	3362.18
27/01/2017	11400	11400	10000	10000	57000000	4	100	55362	5700	3362.18
30/01/2017	11400	11400	10000	9700	100287300	8	10198	52733	10029	3362.18
31/01/2017	11400	11400	10000	10000	232870000	6	25101	1290	23287	3362.18
01/02/2017	11400	11400	10000	10000	19610000	5	43141	1080	1961	3362.18
02/02/2017	11400	11400	10200	10200	4080000	5	44147	920	400	3362.18
03/02/2017	11400	10200	10200	10000	362991800	9	25101	1130	35609	3008.27
06/02/2017	10200	10200	10000	10000	200000000	2	40100	650	20000	3008.27
07/02/2017	10200	10200	10100	10000	38046400	7	54418	500	3774	3008.27
08/02/2017	10200	10200	10000	10000	4000000	2	54018	1000	400	3008.27
09/02/2017	10200	10200	10200	10000	6018000	3	94474	1160	600	3008.27
10/02/2017	10200	10200	10200	10200	11322000	3	101005	500	1110	3008.27
13/02/2017	10200	10200	10200	10000	9762000	2	100045	590	960	3008.27
14/02/2017	10200	10200	10200	10000	14200000	2	85619	550	1400	3008.27
15/02/2017	10200	10200	10200	10200	3060000	1	99567	50	300	3008.27
16/02/2017	10200	10200	10200	10200	26968800	5	165148	59356	2644	3008.27
17/02/2017	10200	10200	10500	10400	21325000	2	163228	59300	2050	3008.27
20/02/2017	10200	10200	10600	10500	33957000	8	160308	60300	3230	3008.27
21/02/2017	10200	10800	11500	10500	7885581000	26	136848	4303	719766	3185.23
22/02/2017	10800	10800	11000	10500	78131500	3	121910	28800	7103	3185.23
23/02/2017	10800	10800	11000	11000	41250000	5	26478	1300	3750	3185.23
24/02/2017	10800	11500	11500	11000	480080000	4	172328	0	41800	3391.68
27/02/2017	11500	11500	11500	11500	11500000	7	76448	25000	1000	3391.68
28/02/2017	11500	11500	11500	11000	7605000	2	25120	31626	670	3391.68
01/03/2017	11500	11500	11500	11000	2020000	2	121464	46546	180	3391.68
02/03/2017	11500	11500	11500	11000	574750000	6	101464	3146	50000	3391.68
03/03/2017	11500	11500	11500	10500	75551000	7	125628	1066	6630	3391.68
06/03/2017	11500	11500	11500	11500	61410000	9	125638	1066	5340	3391.68
07/03/2017	11500	11500	0	0	0	0	125638	500	0	3391.68
08/03/2017	11500	11500	11500	11500	130295000	8	29190	0	11330	3391.68
09/03/2017	11500	11500	11500	11500	35305000	4	120880	0	3070	3391.68
10/03/2017	11500	11500	11500	11500	259992000	10	96360	30439	22608	3391.68
13/03/2017	11500	12000	12000	12000	640788000	10	101470	1500	53399	3539.14
14/03/2017	12000	12000	11000	11000	1100000	1	101470	30100	100	3539.14
15/03/2017	12000	12000	12000	11000	19124386000	32	101470	0	1593726	3539.14
16/03/2017	12000	12000	12000	12000	5850132000	7	5120	7714	487511	3539.14
17/03/2017	12000	12000	12000	12000	6164160000	18	91470	0	513680	3539.14
20/03/2017	12000	12000	12000	12000	222000000	3	86350	31350	18500	3539.14
21/03/2017	12000	12000	12000	12000	2291160000	3	86470	31357	190930	3539.14
22/03/2017	12000	12000	12000	12000	40440000	10	86850	31350	3370	3539.14
23/03/2017	12000	12000	12000	12000	190272000	7	86850	294	15856	3539.14
24/03/2017	12000	12000	12000	12000	289320000	11	500	50	24110	3539.14
27/03/2017	12000	12000	12000	12000	1524000000	8	86850	0	127000	3539.14
28/03/2017	12000	12000	12000	12000	170520000	4	500	9	14210	3539.14
29/03/2017	12000	12000	10300	10300	7210000	2	29800	200	700	3539.14
30/03/2017	12000	12000	12000	11500	67150000	5	50100	0	5600	3539.14
31/03/2017	12000	12000	11500	11500	1150000	1	50000	600	100	3539.14
03/04/2017	12000	12000	12000	11500	51900000	11	49400	0	4350	3539.14
04/04/2017	12000	12000	12000	12000	1313364000	8	49400	17100	109447	3539.14
05/04/2017	12000	12000	12000	12000	12294552000	16	5400	0	1024546	3539.14
06/04/2017	12000	12000	0	0	0	0	10000	2150	0	3539.14
10/04/2017	12000	12000	12000	10500	1514148000	12	12200	2009	126204	3539.14
11/04/2017	12000	12000	10500	10500	12264000	4	11040	2609	1168	3539.14
12/04/2017	12000	12000	12000	10500	12861000	4	8030	4546	1073	3539.14
18/04/2017	12000	12000	0	0	0	0	3000	23340	0	3539.14
19/04/2017	12000	12000	12000	11000	274588000	9	3000	12790	22993	3539.14
20/04/2017	12000	12000	10300	10200	34514000	5	19820	3380	3380	3539.14
21/04/2017	12000	12000	11500	10300	2599000	3	19590	3330	250	3539.14
24/04/2017	12000	12000	10400	10300	243399400	12	48850	3830	23416	3539.14
25/04/2017	12000	12000	10300	10300	13111900	4	47580	2780	1273	3539.14
27/04/2017	12000	12000	10300	10300	11330000	5	18900	5090	1100	3539.14
28/04/2017	12000	11300	11500	10300	2466526000	13	28700	1370	216101	3332.69
02/05/2017	11300	11500	11500	11000	4719000000	9	32000	17121	410550	3391.68
03/05/2017	11500	11500	0	0	1150000000	1	0	18268	100000	3391.68
04/05/2017	11500	11500	0	0	0	0	0	18718	0	3391.68
05/05/2017	11500	11500	11500	11500	6325000	1	0	20748	550	3391.68
08/05/2017	11500	11500	11500	11500	6509000	3	20	21482	566	3391.68
09/05/2017	11500	11000	11000	10200	1105013000	12	0	12466	100490	3244.21
10/05/2017	11000	11000	0	0	0	0	0	12516	0	3244.21
11/05/2017	11000	11000	10300	10300	10815000	3	0	12216	1050	3244.21
12/05/2017	11000	11000	11000	10900	6768147000	10	0	10294	615287	3244.21
15/05/2017	11000	11000	10000	10000	3300000	1	20	9994	330	3244.21
16/05/2017	11000	11000	10300	10300	25132000	6	20	1870	2440	3244.21
17/05/2017	11000	11000	10300	10300	12051000	4	20	1570	1170	3244.21
18/05/2017	11000	11000	11000	10900	241995000	8	20	9160	22000	3244.21
19/05/2017	11000	10500	10500	10300	7510711000	14	50	16510	715370	3096.75
22/05/2017	10500	10500	11000	10300	1777855000	16	50000	19780	169400	3096.75
23/05/2017	10500	10500	0	0	0	0	0	19457	0	3096.75
24/05/2017	10500	10500	10300	10300	968200	10	21	19817	94	3096.75
25/05/2017	10500	10500	11000	10300	245945000	11	2140	105	22382	3096.75
26/05/2017	10500	10500	0	0	0	0	2140	455	0	3096.75
29/05/2017	10500	10500	10500	10500	71925000	3	2140	455	6850	3096.75
30/05/2017	10500	11000	11000	11000	413875000	11	2040	1890	37625	3244.21
31/05/2017	11000	11000	11500	11000	17660000	9	1539	2970	1600	3244.21
01/06/2017	11000	11000	11000	10800	762000	2	6	3370	70	3244.21
02/06/2017	11000	11000	11500	11000	5190000	2	4	3060	460	3244.21
05/06/2017	11000	11000	11000	11000	220000	2	4	5830	20	3244.21
06/06/2017	11000	11000	11000	11000	157190000	13	4034	2280	14290	3244.21
07/06/2017	11000	11000	11000	11000	2717000	5	4	2161	247	3244.21
08/06/2017	11000	11000	11000	10500	132021500	21	3	1890	12002	3244.21
09/06/2017	11000	11000	11000	11000	37180000	4	1030	2874	3380	3244.21
12/06/2017	11000	11000	0	0	0	0	2060	3020	0	3244.21
13/06/2017	11000	11000	11000	11000	27709000	3	2060	5360	2519	3244.21
14/06/2017	11000	11000	12000	11000	80097000	18	16440	3	7157	3244.21
15/06/2017	11000	12300	12500	11000	2048988000	7	2270	1	164422	3627.62
16/06/2017	12300	12300	13500	11000	47206667500	11	1240	5610	3497002	3627.62
19/06/2017	12300	12300	12500	11100	155998600	10	5210	5612	12480	3627.62
20/06/2017	12300	12300	12500	12500	7373925000	10	15460	10612	546370	3627.62
21/06/2017	12300	12300	12500	12500	73750000	5	20070	4252	5900	3627.62
22/06/2017	12300	12300	0	0	0	0	21400	4486	0	3627.62
23/06/2017	12300	13400	13500	12500	6547656500	16	15280	4	485473	3952.04
28/06/2017	13400	13400	13000	12500	20560000	6	7640	310	1620	3952.04
29/06/2017	13400	13400	13000	12500	6075000	4	10360	3326	470	3952.04
30/06/2017	13400	13400	12500	12500	6250000	3	12960	20766	500	3952.04
03/07/2017	13400	13400	13000	12500	167688000	20	0	6750	13406	3952.04
04/07/2017	13400	13000	13000	12500	2379570000	15	0	1845	183145	3834.07
05/07/2017	13000	13000	13000	12500	714240000	13	100	4600	54955	3834.07
06/07/2017	13000	13000	12500	12500	5500000	9	120	5090	440	3834.07
10/07/2017	13000	13000	12500	12500	5250000	3	0	8922	420	3834.07
11/07/2017	13000	13000	13000	12500	327047000	18	0	100	25201	3834.07
12/07/2017	13000	13000	0	0	0	0	1000	6958	0	3834.07
13/07/2017	13000	13000	0	0	0	0	1000	10008	0	3834.07
14/07/2017	13000	13000	0	0	0	0	1000	22218	0	3834.07
17/07/2017	13000	13000	13000	12500	847430000	16	1010	35518	65210	3834.07
18/07/2017	13000	13000	13000	12500	107003300	13	1010	32340	8399	3834.07
19/07/2017	13000	13000	13500	12500	290536000	8	710	12211	21600	3834.07
20/07/2017	13000	13000	13000	12700	153277000	11	965	35506	11791	3834.07
21/07/2017	13000	13000	12500	12500	10000000	2	8258	35556	800	3834.07
24/07/2017	13000	13000	13000	13000	163410000	4	8248	23346	12570	3834.07
25/07/2017	13000	13000	13000	13000	74360000	2	8248	23346	5720	3834.07
26/07/2017	13000	13000	13000	12600	477805800	6	7578	1114	36755	3834.07
27/07/2017	13000	13000	13000	13000	152776000	6	7427	12260	11752	3834.07
28/07/2017	13000	13000	13000	13000	1939041000	11	54	12210	149157	3834.07
31/07/2017	13000	13000	12700	12700	24765000	5	4400	12714	1950	3834.07
01/08/2017	13000	13000	13000	12700	433067000	12	4350	12210	33314	3834.07
02/08/2017	13000	13000	13000	13000	3262610000	11	4350	15220	250970	3834.07
03/08/2017	13000	13000	13000	13000	125840000	2	4350	3611	9680	3834.07
04/08/2017	13000	13000	13000	12700	3190000	2	4155	3661	250	3834.07
07/08/2017	13000	12500	13000	12500	398218000	6	7705	3611	31851	3686.61
09/08/2017	12500	12500	12800	12800	2560000	2	5	4316	200	3686.61
10/08/2017	12500	13000	13000	13000	2521545000	12	55081	2	193965	3834.07
11/08/2017	13000	13000	13000	13000	3900000	4	2001	3	300	3834.07
14/08/2017	13000	13000	13000	12800	709690000	10	57070	22000	54592	3834.07
15/08/2017	13000	13000	13000	13000	246610000	7	57070	0	18970	3834.07
16/08/2017	13000	13000	13000	13000	11700000	4	156170	12210	900	3834.07
17/08/2017	13000	13000	13000	13000	35750000	3	151450	12210	2750	3834.07
18/08/2017	13000	13000	13000	13000	12090000	6	54870	12210	930	3834.07
21/08/2017	13000	13200	13300	13000	4710553200	9	0	12410	355546	3893.06
22/08/2017	13200	13300	13300	13000	455997000	9	7650	12210	34290	3922.55
23/08/2017	13300	13300	13300	13300	537905200	19	6650	3	40444	3922.55
24/08/2017	13300	13300	13300	13000	29895000	6	6550	12215	2250	3922.55
25/08/2017	13300	13300	13300	13300	34048000	8	6550	12214	2560	3922.55
28/08/2017	13300	13300	13000	13000	10790000	2	5720	13514	830	3922.55
29/08/2017	13300	13300	13500	13200	184270000	6	5300	54	13660	3922.55
31/08/2017	13300	13300	13000	13000	2600000	1	5100	0	200	3922.55
04/09/2017	13300	13300	13300	13000	19452000	7	4860	2405	1473	3922.55
05/09/2017	13300	13300	13300	13300	279832000	3	120	790	21040	3922.55
06/09/2017	13300	13300	13000	13000	47320000	4	1120	800	3640	3922.55
11/09/2017	13300	13300	13000	13000	3873745000	7	0	0	291460	3922.55
13/09/2017	13300	13300	13300	13000	745042500	10	2	8000	56025	3922.55
14/09/2017	13300	13300	13300	13000	57083000	3	0	8705	4292	3922.55
15/09/2017	13300	13300	0	0	0	0	0	10355	0	3922.55
18/09/2017	13300	13300	13300	13200	35145000	4	0	8705	2650	3922.55
19/09/2017	13300	13300	13300	13200	310248100	16	20	20000	23327	3922.55
20/09/2017	13300	13400	13500	13300	15344656000	20	20	0	1138720	3952.04
21/09/2017	13400	13400	13300	13300	37636700000	4	0	730	2787904	3952.04
22/09/2017	13400	13400	0	0	0	0	0	4530	0	3952.04
25/09/2017	13400	13400	0	0	0	0	0	11341	0	3952.04
26/09/2017	13400	13400	0	0	0	0	0	15739	0	3952.04
27/09/2017	13400	13400	0	0	0	0	0	16219	0	3952.04
28/09/2017	13400	13300	13300	13200	921640000	20	0	10545	69300	3922.55
29/09/2017	13300	13300	0	0	0	0	0	11545	0	3922.55
02/09/2017	13300	13300	13300	13300	4628400	3	0	8882	348	3922.55
03/09/2017	13300	13300	0	0	0	0	0	11036	0	3922.55
04/10/2017	13300	13300	13000	13000	328640000	6	0	11206	25280	3922.55
05/10/2017	13300	13400	13400	13200	812260000	21	0	5156	60760	3952.04
06/10/2017	13400	13400	0	0	0	0	0	6067	0	3952.04
09/10/2017	13400	13400	13000	13000	48230000	3	3000	6061	3710	3952.04
10/10/2017	13400	13400	13400	13200	28858000	11	685	600	2165	3952.04
11/10/2017	13400	13500	13500	13500	557226000	19	529	21030	41276	3981.53
12/10/2017	13500	13500	13500	13400	5395000	4	207	23200	402	3981.53
13/10/2017	13500	13500	13300	13300	29164764400	21	257	21035	2088665	3981.53
16/10/2017	13500	13900	13900	13900	20358900100	11	407	21030	1457330	4099.51
17/10/2017	13900	13900	13200	13200	26400	1	200	1230	2	4099.51
18/10/2017	13900	13900	13800	13800	2760000	1	405	21050	200	4099.51
19/10/2017	13900	13900	13500	13300	5390000	3	55	7000	400	4099.51
20/10/2017	13900	13900	0	0	0	0	35	26850	0	4099.51
23/10/2017	13900	13900	13100	13100	786000	3	5	28290	60	4099.51
24/10/2017	13900	13900	13500	13100	93509500	14	20365	23050	7085	4099.51
25/10/2017	13900	13900	13200	13200	267960000	4	299	2870	20300	4099.51
26/10/2017	13900	13900	13300	13200	12541000	3	79	3250	950	4099.51
27/10/2017	13900	13900	13300	13200	19407057100	7	54770	1990	1396239	4099.51
30/10/2017	13900	13200	13200	13200	805266000	7	73	2390	61005	3893.06
31/10/2017	13200	13200	13300	13200	75944600	9	0	70	5753	3893.06
01/11/2017	13200	13200	0	0	0	0	65	900	0	3893.06
02/11/2017	13200	13200	13200	13200	792000	1	5	2910	60	
03/11/2017	13200	13200	13200	13200	66000	1	0	3623	5	3893.06
06/11/2017	13200	13200	13200	13200	2943600	3	0	3835	223	3893.06
07/11/2017	13200	13200	13200	13200	38821200	12	100	1900	2941	3893.06
08/11/2017	13200	13200	13200	13200	2640000	2	0	2000	200	3893.06
09/11/2017	13200	13300	13300	13200	80095559800	21	7	9	5933526	3922.55
10/11/2017	13300	13300	13500	13500	5151640500	6	7	9	381603	3922.55
13/11/2017	13300	13300	0	0	0	0	7	11580	0	3922.55
14/11/2017	13300	13300	13300	13200	132100	3	1	14620	10	3922.55
15/11/2017	13300	13300	13300	13200	1852000	3	5001	14680	140	3922.55
16/11/2017	13300	13300	0	0	0	0	5001	15230	0	3922.55
17/11/2017	13300	13300	13200	13200	51480000	7	5011	13650	3900	3922.55
20/11/2017	13300	13300	13200	13200	224400000	15	5000	600	17000	3922.55
23/11/2017	13300	13300	13200	13200	5425200	4	5033	554	411	3922.55
22/11/2017	13300	13300	0	0	0	0	33	804	0	3922.55
23/11/2017	13300	13300	13200	13200	174900000	10	33	604	13250	3922.55
24/11/2017	13300	13300	13300	13200	967967600	10	33	1000	72790	3922.55
27/11/2017	13300	13300	13300	13200	514200000	8	33	1769	38700	3922.55
28/11/2017	13300	13300	13300	13300	1283503200	16	100	1005	96504	3922.55
29/11/2017	13300	13300	13200	13200	342012000	6	70	1505	25910	3922.55
30/11/2017	13300	13200	13200	13200	804064800	3	70	2115	60914	3893.06
04/12/2017	13200	13200	13200	13200	1172886000	8	70	6960	88855	3893.06
05/12/2017	13200	13200	13300	13300	133492100	9	70	102	10037	3893.06
06/12/2017	13200	13200	13100	13100	655000	1	0	852	50	3893.06
07/12/2017	13200	13500	13500	13300	882074600	11	20	109	65350	3981.53
08/12/2017	13500	13500	13500	13400	139380000	6	20	209	10400	3981.53
11/12/2017	13500	13500	13500	13500	20925000	4	920	109	1550	3981.53
12/12/2017	13500	13500	13600	13500	15378335600	14	1340	7	1139131	3981.53
13/12/2017	13500	13500	13600	13600	2992000	4	1120	1417	220	3981.53
14/12/2017	13500	13500	13200	13200	1320000	1	1000	2217	100	3983.26
15/12/2017	13500	13500	0	0	0	0	1000	2617	0	3983.26
18/12/2017	13500	13500	13600	13200	76776000	13	1000	2007	5660	3983.26
19/12/2017	13500	13600	13600	13200	2723888300	6	10810	2000	200317	4012.76
20/12/2017	13600	13600	14000	13600	2112854000	14	1030	0	154141	4012.76
21/12/2017	13600	14000	14000	14000	622020000	4	1030	0	44430	4130.78
22/12/2017	14000	14000	0	0	0	0	2030	4673	0	4130.78
27/12/2017	14000	14000	0	0	0	0	1172	8308	0	4130.78
28/12/2017	14000	14000	13500	13500	3240000	3	1000	9834	240	4130.78
29/12/2017	14000	14000	13500	12000	277602000	14	19750	585	20602	4130.78
02/01/2018	14000	14000	13500	13500	102465000	5	0	0	7590	4130.78
03/01/2018	14000	14000	13600	13500	1634028900	13	838	36	120983	4130.78
04/01/2018	14000	14000	13600	13500	110150000	4	680	536	8100	4130.78
05/01/2018	14000	14000	13500	13500	60088500	8	690	956	4451	4130.78
08/01/2018	14000	14000	13500	13500	135000	1	680	1778	10	4130.78
09/01/2018	14000	14000	0	0	0	0	10	1878	0	4130.78
10/01/2018	14000	14000	13500	13500	27000	1	15	3130	2	4130.78
11/01/2018	14000	14000	13500	13500	810000	3	5	2720	60	4130.78
15/01/2018	14000	14000	13600	13500	126970500	13	27	600	9383	4130.78
16/01/2018	14000	14000	14000	13500	1076244000	13	1310	0	76876	4130.78
17/01/2018	14000	14000	13500	13500	1552500	6	2047	36	115	4130.78
18/01/2018	14000	14000	13500	13500	2025000	3	1994	36	150	4130.78
19/01/2018	14000	14000	13500	13500	8356500	7	1375	36	619	4130.78
22/01/2018	14000	13600	13600	13500	804639800	18	1251	36	59167	4012.76
23/01/2018	13600	13600	14000	13500	29567422300	17	0	0	2112064	4012.76
24/01/2018	13600	14000	14000	14000	9800000000	4	2786	1440	700000	4130.78
25/01/2018	14000	14000	14000	14000	499030000	5	2761	250	35645	4130.78
26/01/2018	14000	14000	14000	14000	113400000	3	2753	430	8100	4130.78
29/01/2018	14000	14000	14000	14000	43218000	5	2768	550	3087	4130.78
31/01/2018	14000	14000	14000	13500	138500	2	15	790	10	4130.78
01/02/2018	14000	14000	13500	13500	810000	4	1273	880	60	4130.78
02/02/2018	14000	14000	13600	13500	108490000	5	1273	500	7980	4130.78
05/02/2018	14000	14000	13500	13500	13500	1	1308	2600	1	4130.78
06/02/2018	14000	14000	14000	13500	245690000	9	1566	257	17560	4130.78
07/02/2018	14000	14000	0	0	0	0	4206	243	0	4130.78
08/02/2018	14000	14000	14000	14000	4480000	2	3136	493	320	4130.78
09/02/2018	14000	14000	14000	14000	383684000	7	310	287	27406	4130.78
12/02/2018	14000	14000	0	0	0	0	310	4167	0	4130.78
13/02/2018	14000	14000	14000	13500	140270000	14	3250	3566	10030	4130.78
14/02/2018	14000	14000	14000	14000	362880000	7	1250	15960	25920	4130.78
15/01/2018	14000	14000	14000	14000	211820000	3	1340	3380	15130	4130.78
16/02/2018	14000	14000	14000	14000	615440000	13	1250	3560	43960	4130.78
19/02/2018	14000	14000	14000	14000	1960000	3	1290	590	140	4130.78
20/02/2018	14000	14000	14000	14000	53060000	6	51	180	3790	4130.78
21/02/2018	14000	14000	14000	14000	10640000	2	1291	180	760	4130.78
22/02/2018	14000	14000	14100	14000	508076000	4	251	180	36280	4130.78
23/02/2018	14000	14000	14100	14100	114506100	4	240	100	8121	4130.78
26/02/2018	14000	14000	0	0	0	0	1250	830	0	4130.78
27/02/2018	14000	14000	0	0	0	0	1250	2226	0	4130.78
28/02/2018	14000	14000	14000	13500	93919000	15	1251	150	6718	4130.78
01/03/2018	14000	14000	14000	13600	190900000	8	1252	150	13636	4130.78
02/03/2018	14000	14000	14000	14000	56980000	6	1252	152	4070	4130.78
05/03/2018	14000	14000	14000	13200	412000	2	1242	52	30	4130.78
06/03/2018	14000	14000	14000	14000	14840000	8	47	0	1060	4130.78
07/03/2018	14000	14000	14000	14000	42000000	1	46	0	3000	4130.78
08/03/2018	14000	14000	14000	14000	36820000	6	1285	0	2630	4130.78
12/03/2018	14000	14000	14000	13500	68060000	4	1279	190	5040	4130.78
13/03/2018	14000	14000	14000	13500	61594000	12	1353	504	4406	4130.78
14/03/2018	14000	14000	14000	14000	560000	1	1313	844	40	4130.78
15/03/2018	14000	14000	14000	14000	31696000	9	73	130	2264	4130.78
16/03/2018	14000	14000	0	0	0	0	1280	330	0	4130.78
19/03/2018	14000	14000	14000	14000	771862000	8	1280	130	55133	4130.78
20/03/2018	14000	14000	14000	14000	76300000	5	7240	130	5450	4130.78
21/03/2018	14000	14000	0	0	0	0	7240	100	0	4130.78
22/03/2018	14000	14000	15000	14000	195770000	4	8960	0	13820	4130.78
23/03/2018	14000	14000	14200	14000	9200000	2	26000	0	650	4130.78
26/03/2018	14000	14000	14500	14500	29580000	7	75269	1000	2040	4130.78
28/03/2018	14000	14000	15000	15000	4500000	3	90611	10105	300	4130.78
29/03/2018	14000	15500	15500	15000	6139142000	9	1411	10500	396075	4573.37
03/04/2018	15500	15500	15000	15000	450000	1	2	1650	30	4573.37
04/04/2018	15500	15500	0	0	0	0	1171	8460	0	4573.37
03/04/2016	15500	15500	15000	15000	1950000	1	1171	8380	130	4573.37
06/04/2018	15500	15500	15000	14000	730000	2	1119	14017	52	4573.37
09/04/2018	15500	15500	14500	14500	580000	2	1123	16577	40	4573.37
10/04/2018	15500	15500	14500	14500	2967427500	9	1123	15717	191625	4573.37
11/04/2018	15500	15500	15000	14500	90058000	8	0	4117	6004	4573.37
12/04/2018	15500	15500	14500	14500	435000	1	0	207	30	4573.37
13/04/2018	15500	15500	14500	14500	638000	3	11599	22110	44	4573.37
16/04/2018	15500	15500	0	0	0	0	11602	23310	0	4573.37
17/04/2018	15500	15500	0	0	0	0	11602	22440	0	4573.37
18/04/2018	15500	15500	14500	14500	25998500	6	11599	21431	1793	4573.37
19/04/2018	15500	15500	15000	14500	94895000	8	400	3161	6330	4573.37
20/04/2018	15500	15500	15500	14500	385237000	16	1119	2004	25026	4573.37
23/04/2018	15500	15500	15500	15500	39990000	7	11603	12001	2580	4573.37
24/04/2018	15500	16000	16000	15500	4540351500	22	13013	10000	283772	4720.9
25/04/2018	16000	16000	0	0	0	0	13013	10008	0	4720.9
27/04/2018	16000	16000	16100	15500	63957000	9	10574	8470	3988	4720.9
30/04/2018	16000	16000	0	0	0	0	71	0	0	4720.9
02/05/2018	16000	16000	16100	16000	30625600	11	1011	1200	1914	4720.9
03/05/2018	16000	16000	16000	16000	2218560000	3	1011	0	162660	4720.9
04/05/2018	16000	16000	16100	16000	28501400	5	10710	700	1774	4720.9
07/05/2018	16000	16100	16100	16000	585670000	8	10230	26627	36380	4750.4
08/05/2018	16100	16100	16100	16000	1781529200	9	6420	803	110654	4750.4
09/05/2018	16100	16100	16100	16000	25196000	5	48740	903	1565	4750.4
10/05/2018	16100	16100	16100	16100	1427667200	4	48340	903	104902	4750.4
11/05/2018	16100	16100	16100	16100	22427300	9	46650	0	1393	4750.4
14/05/2018	16100	16100	16200	16100	1238127500	7	39110	0	76775	4750.4
15/05/2018	16100	16100	16300	16300	333661000	3	98640	6	20470	4750.4
16/05/2018	16100	16100	16300	16300	42706000	6	116490	1006	2620	4750.4
17/05/2018	16100	16400	16400	16400	650424000	4	136827	1006	39660	4838.92
18/05/2018	16400	16400	16400	16400	820000	1	146777	1006	50	4838.92
21/05/2018	16400	16400	16400	16300	88395400	6	102277	903	5390	4838.92
22/05/2018	16400	16400	16500	16400	7420000	2	45317	503	450	4838.92
23/05/2018	16400	16400	16500	16400	102184200	2	24843	1500	6193	4838.92
24/05/2018	16400	16400	0	0	13120000000	1	33	1750	800000	4838.92
25/05/2018	16400	16400	16400	16400	492000	1	628	2250	30	4838.92
28/05/2018	16400	16400	16500	16500	104115000	7	14318	8	6310	4838.92
29/05/2018	16400	16400	16500	16500	3301980000	4	15118	20508	200120	4838.92
30/05/2018	16400	16400	0	0	0	0	25115	20508	0	4838.92
31/05/2018	16400	16400	16500	16500	336897000	7	24405	10500	20418	4838.92
01/06/2018	16400	16400	16600	16500	39790000	2	23905	10500	2400	4838.92
04/06/2018	16400	16400	17000	17000	1870000	1	23910	10390	110	4838.92
05/06/2018	16400	16400	17000	16500	2918935000	5	23890	10002	176905	4838.92
06/06/2018	16400	16400	16500	16500	11550000	2	20430	15202	700	4838.92
07/06/2018	16400	16400	16600	16500	165004000	3	20130	5202	10000	4838.92
08/06/2018	16400	16400	16600	16600	473930000	4	12740	5283	28550	4838.92
11/06/2018	16400	16400	16500	16500	2640000	5	12880	5281	160	4838.92
12/06/2018	16400	16400	16500	16500	6435000	1	12490	5281	390	4838.92
13/06/2018	16400	16400	0	0	0	0	12490	81	0	4838.92
14/06/2018	16400	16600	16600	16600	763832400	12	12490	20933	46014	4897.93
18/06/2018	16600	16600	16600	16500	201251000	9	0	10418	12197	4897.93
19/06/2018	16600	16600	16500	16500	825000	1	0	11468	50	4897.93
20/06/2018	16600	16600	0	0	0	0	3843	11971	0	4897.93
