Date 	"Opening Price
(TZS)"	"Closing Price
(TZS)"	High (TZS)	"Low
(TZS)"	"Turnover
(TZS)
"	"Number of 
deals"	"Outstanding
shares bids"	"Outstanding
Offers"	"Number of 
share 
traded
"	"Market Cap 
(TZS) 
Billions"
02/01/2014	0	0	0	0	0	0	1500	0	0	860
03/01/2014	0	0	0	0	0	0	1500	0	0	860
06/01/2014	8600	8600	8600	8600	9030000	3	1300	0	1050	860
07/01/2014	0	0	0	0	0	0	1800	0	0	860
08/01/2014	8600	8600	8600	8600	2580000	1	1300	0	300	860
09/01/2014	8600	8600	8600	8600	774000	1	2200	0	90	860
10/01/2014	8600	8600	8600	8600	4386000	5	0	1000	510	860
15/01/2014	8600	8600	8600	8600	4472000	7	1300	0	520	860
16/01/2014	0	0	0	0	0	0	1200	0	0	860
17/01/2014	0	0	0	0	0	0	700	0	0	860
20/01/2014	0	0	0	0	0	0	2800	0	0	860
21/01/2014	8600	8600	8600	8600	4300000	1	11900	0	500	860
22/01/2014	8600	8600	8600	8600	25800000	1	21800	0	3000	860
23/01/2014	8600	8600	8600	8600	258000	1	24100	300	30	860
24/01/2014	8800	8800	8800	8800	3520000	4	22900	0	400	880
27/01/2014	8600	8600	8800	8600	104478800	6	6400	10000	12148	860
28/01/2014	8600	8600	8600	8600	86000000	5	500	0	10000	860
29/01/2014	0	0	0	0	0	0	800	0	0	860
30/01/2014	8600	8600	8600	8600	8600000	1	1300	0	1000	860
31/01/2014	8600	8600	8600	8600	860000	1	11300	0	100	860
03/02/2014	8600	8600	8600	8600	18060000	5	9200	0	2100	860
04/02/2014	0	0	0	0	0	0	9500	0	0	860
05/02/2014	8600	8600	8600	8600	34400000	5	8900	0	4000	860
06/02/2014	8600	8600	8600	8600	860000	1	700	0	100	860
07/02/2014	8600	8600	8600	8600	13760000	5	8600	0	1600	860
10/02/2014	8600	8600	8600	8600	18232000	4	9200	0	2120	860
11/02/2014	8600	8600	8600	8600	8686000	5	9400	0	1010	860
12/02/2014	8600	8600	8600	8600	860000	1	8800	0	100	860
13/02/2014	0	0	0	0	0	0	200	300	0	860
14/02/2014	8800	8800	8800	8800	29040000	2	8800	0	3300	880
17/02/2014	8800	8800	8800	8600	1214000	2	8500	0	140	880
18/02/2014	0	0	0	0	0	0	8600	0	0	880
19/02/2014	8800	8800	8800	8600	1654000	2	8600	0	190	880
20/02/2014	8800	8800	8800	8600	1932000	2	1100	0	220	880
21/02/2014	8800	8800	8800	8800	8870400	7	8600	0	1008	880
24/02/2014	8820	8820	8820	8800	3138800	2	8500	0	356	882
25/02/2014	8820	8820	8820	8800	492800	1	8600	0	56	882
26/02/2014	0	0	0	0	0	0	8600	0	0	882
27/02/2014	8820	8820	8820	8820	882000	1	0	0	100	882
28/02/2014	0	0	0	0	0	0	0	0	0	882
03/03/2014	8820	8820	8820	8800	352000	2	0	0	40	882
04/03/2014	0	0	0	0	0	0	8500	0	0	882
05/03/2014	0	0	0	0	0	0	8500	0	0	882
06/03/2014	8800	8800	8800	8800	880000	1	8500	0	100	880
07/03/2014	0	0	0	0	0	0	8500	0	0	880
10/03/2014	0	0	0	0	0	0	200	200	0	880
11/03/2014	8800	8800	8800	8800	3995200	4	200	0	454	880
12/03/2014	8800	8800	8800	8600	163400	1	200	0	19	880
13/03/2014	0	0	0	0	0	0	200	0	0	880
14/03/2014	8900	8900	8900	8900	2634400	4	5100	0	296	890
17/03/2014	0	0	0	0	0	0	5400	0	0	890
18/03/2014	9100	9100	9100	9100	9382100	4	5000	31000	1031	910
19/03/2014		9100	"10,000 10,000 9,100 109,100,000"			3	5200	5000	11000	1000
19/03/2014	0	0	0	0	0	0	5200	5000	0	1000
21/03/2014	9900	9900	9900	9900	156420000	5	1200	5200	15800	990
24/03/2014	9900	9900	9900	9900	68805000	6	5300	1000	6950	990
26/03/2014	9900	9900	"10,000 10,000 9,900"		23800000	3	2100	600	2400	1000
27/03/2014	0	0	0	0	0	0	2200	600	0	1000
28/03/2014	0	0	0	0	0	0	2200	600	0	1000
31/03/2014	0	0	0	0	0	0	800	0	0	1000
01/04/2014	10000	"10,000 10,000"		10000	9000000	3	800	0	900	1000
02/04/2014	10000	"10,000 10,000"		10000	28000000	2	700	0	2800	1000
03/04/2014	10000	"10,000 10,000"		10000	1000000	1	100	0	100	1000
04/04/2014	10000	"10,000 10,000"		10000	216000000	11	0	0	21600	1000
08/04/2014	10000	"10,000 10,000"		10000	430000	1	0	1600	43	1000
09/04/2014	9900	9900	9900	9900	2970000	1	0	1600	300	990
10/04/2014	10000	"10,000 10,000"		10000	16000000	1	1000	0	1600	1000
11/04/2014	10000	"10,000 10,000"		10000	3000000	2	5700	0	300	1000
14/04/2014	0	0	0	0	0	0	5700	0	0	1000
15/04/2014	10000	"10,000 10,000"		10000	10000000	1	5700	0	1000	1000
16/04/2014	0	0	0	0	0	0	5000	0	0	1000
17/04/2014	0	0	0	0	0	0	5700	0	0	1000
22/04/2014	0	0	0	0	0	0	5700	0	0	1000
23/04/2014	0	0	0	0	0	0	5700	0	0	1000
24/04/2014	0	0	0	0	0	0	5700	0	0	1000
25/04/2014	10000	10000	10000	10000	190500000	4	0	0	19050	1000
28/04/2014	10000	10000	10000	10000	6500000	5	1700	0	650	1000
29/04/2014	10000	10000	10000	10000	7470000	2	6000	0	747	1000
30/04/2014	10000	10000	10000	10000	1000000	1	6000	0	100	1000
02/05/2014	0	0	0	0	0	0	6000	0	0	1000
05/05/2014	0	0	0	0	0	0	5000	0	0	1000
06/05/2014	10000	10000	10000	10000	200000	2	6000	0	20	1000
07/05/2014	10000	10000	10000	10000	5000000	1	6000	0	500	1000
08/05/2014	0	0	0	0	0	0	6100	0	0	1000
09/05/2014	10000	10000	10000	10000	21000000	7	6100	0	2100	1000
12/05/2014	10000	10000	10000	10000	10000000	1	5100	0	1000	1000
13/05/2014	0	0	0	0	0	0	5200	0	0	1000
14/05/2014	0	0	0	0	0	0	5200	0	0	1000
15/05/2014	0	0	0	0	0	0	5200	0	0	1000
16/05/2014	10000	10000	10000	10000	5000000	1	200	0	500	1000
19/05/2014	0	0	0	0	0	0	5000	0	0	1000
20/05/2014	0	0	0	0	0	0	5200	0	0	1000
21/05/2014	0	0	0	0	0	0	5200	0	0	1000
22/05/2014	0	0	0	0	0	0	11200	0	0	1000
23/05/2014	10100	10100	10100	10100	4040000	2	6000	0	400	1010
26/05/2014	0	0	0	0	0	0	7200	0	0	1010
27/05/2014	10100	10100	10100	10100	1010000	1	7400	0	100	1010
28/05/2014	10100	10100	10100	10100	1010000	1	1400	0	100	1010
29/05/2014	0	0	0	0	0	0	6500	0	0	1010
30/05/2014	10100	10100	10100	10100	2020000	1	5300	0	200	1010
02/06/2014	10100	10100	10100	10100	121200	2	5100	0	12	1010
03/06/2014	10100	10100	10100	10100	114090000	4	6700	0	4	1010
04/06/2014	0	0	0	0	0	0	1700	0	0	1010
05/06/2014	0	0	0	0	0	0	1700	0	0	1010
06/06/2014	10100	10100	10100	10100	4040000	2	6600	0	400	1010
09/06/2014	0	0	0	0	0	0	5400	0	0	1010
10/06/2014	10100	10100	10100	10100	16160000	2	55400	0	1600	1010
11/06/2014	10100	10100	10120	10100	505400	3	5700	0	50	1010
12/06/2014	0	0	0	0	0	0	700	0	-	1010
13/06/2014	0	0	0	0	0	0	300	0	-	1010
16/06/2014	10100	10100	10100	10100	505000	1	400	0	50	1010
16/06/2014	11000	11000	11000	10200	278450000	9	15500	0	25350	1100
18/06/2014	0	0	0	0	0	0	15500	0	0	1100
19/06/2014	0	0	0	0	0	0	15500	0	0	1100
20/06/2014	11020	11020	11020	11000	17982640	8	15500	0	1632	1102
23/06/2014	11020	11200	11200	11020	6702000	2	300	0	600	1120
24/06/2014	11200	11200	11200	11200	11200000	3	300	0	1000	1120
25/06/2014	0	0	0	0	0	0	5300	0	0	1120
26/06/2014	11200	11200	11200	11200	1120000	1	5200	0	100	1120
27/06/2014	0	0	0	0	0	0	300	0	0	1120
30/06/2014	0	0	0	0	0	0	0	0	0	1120
01/07/2014	0	0	0	0	0	0	0	0	0	1120
01/07/2014	0	0	0	0	0	0	0	0	0	1120
03/07/2014	0	0	0	0	0	0	2100	0	0	1120
04/07/2014	0	0	0	0	0	0	2280	0	0	1120
08/07/2014	0	0	0	0	0	0	2280	0	0	1120
09/07/2014	0	0	0	0	0	0	0	0	0	1120
10/07/2014	11200	11200	11210	11200	"5,600,00"	5	0	0	500	1120
11/07/2014	0	0	0	0	0	0	0	0	0	1120
14/07/2014	0	0	0	0	0	0	0	0	0	1120
15/07/2014	0	0	0	0	0	0	0	0	0	1120
16/07/2014	11220	11220	11210	11210	2917200	4	0	0	260	1122
17/07/2014	11500	11500	11500	11500	64875000	8	0	0	5190	1250
18/07/2014	0	0	0	0	0	0	0	0	0	1250
21/07/2014	13000	13000	13000	13000	13000000	5	0	0	1000	1300
22/07/2014	11220	13000	13000	11220	6972000	6	0	0	550	1300
23/07/2014	13000	13000	13000	13000	130000000	1	0	0	10000	1300
24/07/2014	13000	13000	13000	13000	2600000	1	0	0	200	1300
25/07/2014	13000	13000	13000	13000	35100000	4	0	0	2700	1300
28/07/2014	13000	13000	13000	13000	65000	1	0	0	5	1300
31/07/2014	13000	13000	13000	13000	3900000	3	0	0	300	1300
01/08/2014	0	0	0	0	0	0	0	0	0	1300
04/08/2014	13000	13000	13000	13000	53820000	10	0	0	4140	1300
05/08/2014	13000	13000	13000	13000	27300000	4	0	0	2100	1300
06/08/2014	13000	13000	13000	13000	48360000	9	0	0	3720	1300
07/08/2014	0	0	0	0	0	0	0	0	0	1300
11/08/2014	13100	13100	13100	13100	32750000	2	0	0	2500	1310
12/08/2014	13100	13100	13100	13100	6550000	1	0	0	500	1310
13/08/2014	13100	13100	13100	13100	3406000	2	0	0	260	1310
14/08/2014	13100	13100	13100	13100	9563000	3	0	0	730	1310
15/08/2014	0	0	0	0	0	0	0	0	0	1310
18/08/2014	13100	13430	13500	13100	40300000	2	0	0	3000	1343
19/08/2014	0	0	0	0	0	0	0	0	0	1343
20/08/2014	13100	13100	13100	13100	1572000	1	0	0	120	1310
21/08/2014	13400	13400	13400	13400	40200000	2	0	0	3000	1340
22/08/2014	13120	13120	13120	13120	11025424000	3	0	0	702700	1312
25/08/2014	13100	13100	13100	13100	1572000	1	0	0	120	1310
26/08/2014	13120	13120	13120	13100	2374679200	6	0	0	151500	1312
27/08/2014	13390	13390	13400	13140	15734814000	3	0	0	1002600	1339
28/08/2014	13390	13210	13390	13200	140003400	2	0	0	1060	1321
29/08/2014	0	0	0	0	0	0	0	0	0	1321
01/09/2014	13220	13220	13220	13220	2644000	1	0	0	200	1322
02/09/2014	13220	13220	13220	13220	13220000	1	0	0	1000	1322
03/09/2014	13240	13240	13240	13240	9268000	1	0	0	700	1324
04/09/2014	0	0	0	0	0	0	0	0	0	1324
05/09/2014	0	0	0	0	0	0	0	0	0	1324
08/09/2014	13300	13460	14000	13300	14130000	6	0	0	1050	1346
09/09/2014	0	0	0	0	0	0	0	0	0	1346
10/09/2014	0	0	0	0	0	0	0	0	0	1346
11/09/2014	0	0	0	0	0	0	0	0	0	1346
12/09/2014	15100	15100	15100	15100	4530000	2	48330	0	300	1510
15/09/2014	0	0	0	0	0	0	47670	0	0	1510
16/09/2014	0	0	0	0	0	0	30650	0	0	1510
17/09/2014	0	0	0	0	0	0	10000	0	0	1510
18/09/2014	15500	15500	15500	15500	7750000	1	10420	0	500	1550
19/09/2014	15520	15520	15520	15520	15520000	1	9120	0	1000	1552
22/09/2014	15530	15530	15530	15530	54355000	2	17120	0	3500	1553
23/09/2014	0	0	0	0	0	0	17120	0	0	1553
24/09/2014	15540	15540	15540	15540	4662000	3	18703	0	300	1554
25/09/2014	16000	16000	16000	16000	6400000	2	19097	0	400	1600
26/09/2014	17000	17000	17000	17000	129727000	4	62280	0	7631	1700
29/09/2014	17500	17500	17500	17500	2100000	1	39280	0	120	1750
30/09/2014	17500	17500	17500	17500	1085000000	1	41800	0	70000	1750
01/10/2014	14880	16310	17510	14880	637278700	16	70400	1030	39070	1631
02/10/2014	17510	17510	17510	17510	18035300	4	85730	0	1030	1751
03/10/2014	17510	17510	17510	17510	68236470	11	85900	0	3897	1751
06/10/2014	17510	18000	18000	17520	902277600	3	105370	0	50130	1800
07/10/2014	0	0	0	0	0	0	105400	0	0	1800
08/10/2014	18020	18020	18020	18020	4505000	1	35400	0	250	1802
09/10/2014	20000	20000	20000	20000	50000000	1	20500	2500	2500	2000
10/10/2014	18200	18500	20000	18200	11100000	2	400	2400	600	1850
13/10/2014	20000	18270	20000	18100	2010000	2	300	2520	110	1827
15/10/2014	18270	19500	20000	18000	1061310000	5	25250	2020	70580	1950
16/10/2014	19500	19500	19500	19500	19000000000	1	1340	2000	1000000	1950
17/10/2014	19500	18250	19000	18000	7300000	4	1090	2200	400	1825
20/10/2014	18000	18000	18000	18000	19620000	2	0	2200	1000	1800
21/10/2014	18000	16040	18000	16000	16360000	2	0	3780	1020	1604
22/10/2014	18000	18000	18000	18000	3359160000	10	0	1860	168130	1800
23/10/2014	18000	16180	18000	15300	95760000	7	0	6	5920	1618
24/10/2014	16180	16780	18000	16180	10233800	3	590	6	610	1678
27/10/2014	17760	17760	18000	16180	204270000	4	90	6	11500	1776
28/10/2014	16210	18000	16200	18000	2680722000	5	120	6	165420	1621
29/10/2014	16210	0	0	0	0	0	310	6	0	1621
30/10/2014	16300	16300	16300	16300	4890000	1	310	0	300	1630
31/10/2014	16190	16200	16180	16200	5019600	3	0	0	310	1619
03/11/2014	16000	16000	16000	16000	11200000	3	610	1010	700	1600
04/11/2014	16180	16200	16000	16200	84442000	5	0	1010	5220	1618
05/11/2014	16180	16200	16180	16200	3884000	2	14290	17010	240	1618
06/11/2014	16180	0	0	0	0	0	14290	17010	0	1618
07/11/2014	16200	16210	16200	16210	13610000	4	13650	17010	840	1620
10/11/2014	16200	0	0	0	0	0	14650	17010	0	1620
11/11/2014	16200	0	0	0	0	0	4850	16000	0	1620
12/11/2014	16250	16250	16250	16250	17875000	3	10818	100	1100	1625
13/11/2014	16250	16250	16250	16250	3250000	3	12778	100	200	1625
14/11/2014	16300	16300	16260	16300	76606400	5	13138	100	4700	1630
17/11/2014	16310	16310	16300	16310	14677000	3	13938	100	900	1631
18/11/2014	16490	16500	16300	16500	69268000	6	13928	1000	4200	1649
19/11/2014	16490	0	0	0	0	0	12720	1000	0	1649
20/11/2014	16300	16300	16300	16300	16300000	4	10527	1000	1000	1630
21/11/2014	16300	0	0	0	0	0	317	1000	0	1630
24/11/2014	16300	0	0	0	0	0	317	1000	0	1630
25/11/2014	16300	16300	16300	16300	7335000	11	423	0	450	1630
26/11/2014	16300	0	0	0	0	0	483	4360	0	1630
27/11/2014	16300	0	0		0	0	483	4360	0	1630
28/11/2014	16300	0	0	0	4268057500	1	60	0	243889	1630
01/12/2014	16300	0	0	0	16500000000	1	60	2000	1000000	1630
02/12/2014	16300	0	0	0	0	0	60	2000	0	1630
03/11/2014	16310	16310	16310	16310	163100	1	0	2000	10	1631
04/12/2014	16500	16500	16500		945450000	7	0	0	57300	1650
05/12/2014	16500	16500	16500	16500	99000	1	0	0	6	1650
08/12/2014	16500	16500	16500	16500	195690000	3	0	0	11860	1650
10/12/2014	16500	0	0	0	0	0	0	0	0	1650
11/11/2014	16500	0	0	0	0	0	0	3300	0	1650
12/12/2014	16500	16500	16450	16500	37117500	3	14	3000	2250	1650
15/12/2014	16500	16500	16500	16500	165000	1	4	4000	10	1650
16/12/2014	16500	16500	16500	16500	174735000	4	4	4000	10590	1650
17/12/2014	16500	16500	16500	16500	22275000	4	4	3650	1350	1650
18/12/2014	16500	0	0	0	0	0	4	950	0	1650
19/12/2014	16500	0	0	0	0	0	300	950	0	1650
22/12/2014	16500	16500	16500	16500	825000	1	2550	0	50	1650
23/12/2014	16490	16500	16000	16500	29700000	6	240	1665	1800	1649
24/12/2014	16500	16500	16500	16500	48840000	2	240	6205	2960	1650
29/12/2014	16500	0	0	0	0	0	0	6305	0	1650
30/12/2014	16170	16500	16000		2425000	2	20	12890	150	1617
31/12/2014	16740	17000	16500	17000	245885000	12	20	0	14690	1674
05/01/2015	16300	16000	16000	16000	4800000	4	350	0	300	1600
06/01/2015	16000	16500	16500	16500	4125000	1	850	4600	250	1650
07/01/2015	16500	16000	16000	16000	4800000	3	552	4600	300	1600
08/01/2015	16000	16500	16500	16000	59432000	7	850	4703	3602	1650
09/01/2015	16500	16590	16800	16000	11492500	3	5102	2000	693	1659
13/01/2015	16590	16800	16800	16800	5040000	1	4602	2700	300	1680
14/01/2015	16800	16500	16500	16500	4125000	3	4412	2700	250	1650
15/01/2015	16500	16500	16500	16500	25410000	3	2870	2700	1540	1650
16/01/2015	16500	16500	16500	16500	47355000	3	300	1130	2870	1650
19/01/2015	16500	16500	16500	16500	30195000	4	300	1000	1830	1650
20/01/2015	16500	16500	0	0	0	0	300	1000	0	1650
21/01/2015	16500	16500	0	0	0	0	300	1000	0	1650
22/01/2015	16500	16350	16500	15500	32700000	2	400	1540	2000	1635
23/01/2015	16350	16350	0	0	0	0	400	1400	0	1635
26/01/2015	16350	16370	16500	16350	117823950	6	400	4540	7197	1637
27/01/2015	16370	16500	16500	16500	8250000	3	3260	4540	500	1650
28/01/2015	16500	16500	16500	16500	2621950000	4	2660	5040	154250	1650
29/01/2015	16500	16510	16510	16500	10729000	3	2890	4250	650	1651
30/01/2015	16510	16500	16500	16500	15510000	4	2200	250	940	1650
02/02/2015	16500	17000	17000	17000	17187187000	5	200	0	1011011	1700
03/02/2015	17000	16500	16500	16500	24255000	4	4555	100	1470	1650
04/02/2015	16500	16640	16800	16500	34951000	3	17055	6	2100	1664
05/02/2015	16640	16640	15500	15500	93000	2	20504	100	6	1664
06/02/2015	16640	16640	0	0	0	0	21684	0	0	1664
09/02/2015	16640	16610	16640	16600	4984000	2	21484	0	300	1661
10/02/2015	16610	16920	17000	16600	84600000	2	25364	0	5000	1692
11/02/2015	16920	16920	0	0	0	0	11864	0	0	1692
12/01/2015	16920	17000	17000	17000	35700000	5	27360	0	2100	1700
13/01/2015	17000	17000	17000	17000	10030000	1	26770	3	590	1700
16/02/2015	17000	17000	0	0	0	0	15670	13303	0	1700
17/02/2015	17000	18000	18000	18000	248400000	2	6500	3	13800	1800
18/02/2015	18000	17000	17000	17000	17051000	2	5506	0	1003	1700
19/02/2015	17000	17000	0	0	0	0	5106	4420	0	1700
20/02/2015	17000	17000	17000	17000	1700000	1	5006	4420	100	1700
23/02/2015	17000	17000	17000	17000	7140000	1	1106	4000	420	1700
24/02/2015	17000	17010	17010	17010	34020000	1	7106	4000	2000	1701
25/02/2015	17010	17010	0	0	0	0	7110	4500	0	1701
26/02/2015	17010	17040	17100	17010	27035370	6	5860	0	1587	1704
27/02/2015	17040	17100	17100	17100	28557000	3	4200	0	1670	1710
02/03/2015	17100	17100	17100	17100	4052700	7	9700	12400	237	1710
03/03/2015	17100	17110	17110	17110	4448600	7	9703	4000	260	1711
04/03/2015	17110	17010	17010	17010	145265400	3	11163	4000	8540	1701
05/03/2015	17010	17010	0	0	0	0	2623	4000	0	1701
06/03/2015	17110	17010	17010	17010	145265400	3	11163	4000	8540	1701
09/03/2015	17010	17010	0	0	0	0	4520	0	0	1701
10/03/2015	17010	17010	17020	17010	13611000	2	4110	0	800	1701
11/03/2015	17010	17010	0	0	0	0	3712	0	0	1701
12/03/2015	17010	17010	0	0	0	0	2802	0	0	1701
13/03/2015	17010	17010	0	0	0	0	1302	250	0	1701
16/03/2015	17010	17020	17020	17020	1872200	3	1290	250	110	1702
17/03/2015	17020	17050	17050	17050	11594000	1	960	250	680	1705
18/03/2015	17050	17150	17150	17150	5488000	2	1010	21228	320	1715
19/03/2015	17150	17030	17500	17020	390693740	9	730	170	22938	1703
20/03/2015	17030	17030	0	0	0	0	730	0	0	1703
23/03/2015	17030	17010	17050	17010	12930000	3	0	460	760	1701
24/03/2015	17010	17010	17030	17010	12759300	4	130	1000	750	1701
25/03/2015	17010	17020	17020	17020	510600	1	130	1000	30	1702
26/03/2015	17020	17010	17010	17010	2704590	6	6	3350	159	1701
27/03/2015	17010	17000	17010	17000	357010	2	5	3570	21	1700
30/03/2015	17000	17010	17010	17000	20750000	2	5	3350	1220	1701
31/03/2015	17010	17010	17010	17000	51020000	3	9005	0	3000	1701
01/04/2015	17010	17010	0	0	0	0	9005	0	0	1701
02/04/2015	17010	17000	17000	17000	10200000	1	9000	1000	600	1700
08/04/2015	17000	17000	17000	17000	2040000	1	9000	890	120	1700
09/04/2015	17000	17000	17000	17000	170000	1	9000	880	10	1700
10/04/2015	17000	17000	17000	17000	170000	1	0	1270	10	1700
13/04/2015	17000	17000	0	0	0	0	1000	1310	0	1700
14/04/2015	17000	16500	16500	16500	165000	1	1000	2080	10	1650
15/04/2015	16500	16500	16500	16500	131109000	5	1000	820	7946	1650
16/04/2015	16500	16500	0	0	0	0	1000	2820	0	1650
17/04/2015	16500	16500	16500	16500	165000	1	1000	2810	10	1650
20/04/2015	16500	16500	16500	16500	45210000	3	1010	70	2740	1650
21/04/2015	16500	16500	16500	16500	16500000	2	0	200	1000	1650
22/04/2015	16500	16500	0	0	0	0	1060	1200	0	1650
23/04/2015	16500	16500	16500	16500	5161650000	2	900	2200	300100	1650
24/04/2015	16500	16500	0	0	0	0	1900	2200	0	1650
27/04/2015	16500	16500	16500	16500	1650000	1	1800	2100	100	1650
28/04/2015	16500	16500	0	0	0	0	1800	2000	0	1650
29/04/2015	16500	16500	0	0	0	0	900	1000	0	1650
30/04/2015	16500	16500	16500	16500	8250000	2	0	0	500	1650
04/05/2015	16500	16500	16500	16500	1650000	1	1803	170	100	1650
05/05/2015	16500	16510	16600	16500	27773620	4	733	170	1682	1651
06/05/2015	16510	16500	16500	16500	12094500	4	0	185	733	1650
07/05/2015	16500	16500	16500	16500	82500	1	0	280	5	1650
08/05/2015	16500	16500	0	0	0	0	0	280	0	1650
11/05/2015	16500	16500	16500	16500	4558570500	5	0	0	276277	1650
12/05/2015	16500	16500	0	0	0	0	0	0	0	1650
13/05/2015	16500	16500	0	0	0	0	0	170	0	1650
14/05/2015	16500	16500	0	0	0	0	0	570	0	1650
15/05/2015	16500	16500	0	0	0	0	0	770	0	1650
18/05/2015	16500	16500	0	0	0	0	0	1320	0	1650
19/05/2015	16500	16500	16500	16490	5444900	3	0	1000	330	1650
20/05/2015	16500	16500	0	0	0	0	0	1140	0	1650
21/05/2015	16500	16500	0	0	9404020000	3	0	1140	563880	1650
22/05/2015	16500	16500	16500	16500	67320000	7	0	500	4080	1650
25/05/2015	16500	16500	0	0	0	0	0	890	0	1650
26/05/2015	16500	16500	0	0	0	0	0	890	0	1650
27/05/2015	16500	16500	16500	16500	16665000	5	2270	352	1010	1650
28/05/2015	16500	16500	16500	16500	7458000	4	1921	0	452	1650
29/05/2015	16500	16500	16500	16500	34023000	7	3860	2	2062	1650
01/06/2015	16500	16500	16500	16500	3333000	3	94	0	202	1650
02/06/2015	16500	16500	16500	16500	30063000	8	1272	500	1822	1650
03/06/2015	16500	16500	16500	16500	15675000	4	828	0	950	1650
04/06/2015	16500	16520	16600	16500	991000	2	468	90	60	1652
05/06/2015	16520	16520	16520	16520	101102400	1	468	96	6120	1652
08/06/2015	16520	16520	0	0	0	0	468	96	0	1652
09/06/2015	16520	16500	16500	16500	4620000	2	276	6	280	1650
10/06/2015	16500	16500	16500	16500	1780498500	7	340	6	107909	1650
11/06/2015	16500	16510	16510	16500	1659176000	6	740	1606	100544	1651
12/06/2015	16510	16500	16500	16500	16500000	2	0	3600	1000	1650
15/06/2015	16500	16500	16500	16500	10494000	3	6	3600	636	1650
16/06/2015	16500	16500	16500	16500	42900000	3	9	1600	2600	1650
17/06/2015	16500	16510	17000	16510	43096000	2	9	3590	2610	1651
18/06/2105	16510	16510	16520	16500	60035300	4	103	1000	3636	1651
19/06/2015	16510	16510	16520	16500	3302000	2	3	90	200	1651
22/06/2015	16510	16500	16500	16500	11550000	1	3	2290	700	1650
23/06/2015	16500	16500	16500	16500	41250000	2	220	2795	2500	1650
24/06/2015	16500	16500	16500	16500	3630000	3	200	2795	220	1650
25/06/2015	16500	16520	16600	16500	25109000	8	200	1700	1520	1652
26/06/2015	16520	16510	16510	16510	33020000	1	565	1610	2000	1651
29/06/2015	16510	16510	16600	16500	12875000	3	205	1560	780	1651
30/06/2015	16510	16500	16500	16500	990000	1	5	0	60	1650
01/07/2015	16500	16500	16500	16500	8250000	3	0	0	500	1650
02/06/2015	16500	16500	16500	16500	33000000	1	3005	1500	2000	1650
03/07/2015	16500	16500	0	0	0	0	3000	1860	0	1650
06/07/2015	16500	16500	16500	16500	13035000	4	2210	1860	790	1650
08/07/2015	16500	16500	16500	16500	825000000	2	10	1860	50000	1650
09/07/2015	16500	16500	16500	16500	108735000	4	0	360	6590	1650
10/07/2015	16500	16500	16500	16500	2475000	1	0	2	150	1650
13/07/2015	16500	16500	16500	16500	825016500	3	0	461	50001	1650
14/07/2015	16500	16500	0	0	0	0	0	1761	0	1650
15/07/2015	16500	16500	0	0	0	0	0	10180	0	1650
16/07/2015	16500	16500	16500	16500	825000000	6	0	470	50000	1650
17/07/2015	16500	16500	16500	16500	55605000	7	0	10464	3370	1650
20/07/2015	16500	16500	0	0	0	0	0	10104	0	1650
21/07/2015	16500	16500	0	0	0	0	0	12764	0	1650
22/07/2015	16500	16500	0	0	0	0	0	13764	0	1650
23/07/2015	16500	16500	0	0	0	0	0	3764	0	1650
24/07/2015	16500	16500	0	0	0	0	0	6160	0	1650
27/07/2015	16500	16500	0	0	0	0	0	6510	0	1650
28/07/2015	16500	16500	0	0	0	0	127	5250	0	1650
29/07/2015	16500	16500	16500	16500	1815000	4	128	6550	110	1650
30/07/2015	16500	16400	16400	16400	2406888000	3	108	9030	150420	1640
31/07/2015	16400	16400	0	0	0	0	0	0	0	1640
03/08/2015	16400	16400	16400	16400	164000	1	108	6080	10	1640
04/08/2015	16400	16350	16350	16350	1308000	1	28	7080	80	1635
05/08/2015	16350	16400	16500	16400	820800	4	20	30630	50	1640
06/08/2015	16400	16350	16350	16350	327000	1	0	30630	20	1635
07/08/2015	16350	16350	0	0	0	0	0	28290	0	1635
10/08/2015	16350	16350	0	0	0	0	0	28500	0	1635
11/08/2015	16350	16350	0	0	0	0	0	27625	0	1635
12/08/2015	16350	16350	0	0	0	0	0	2625	0	1635
13/08/2015	16350	16350	0	0	0	0	0	38915	0	1635
14/08/2015	16350	16350	0	0	0	0	0	40917	0	1635
17/08/2015	16350	16350	0	0	0	0	0	40917	0	1635
18/08/2015	16350	16350	0	0	0	0	0	38292	0	1635
19/08/2015	16350	16350	0	0	0	0	0	38542	0	1635
20/08/2015	16350	16350	0	0	0	0	0	36202	0	1635
21/08/2015	16350	16330	16330	16330	163300000	1	0	27750	10000	1633
24/08/2015	16330	16330	16330	16330	34293000	3	0	2750	2100	1633
25/08/2015	16330	16330	0	0	0	0	0	5040	0	1633
26/08/2015	16330	16330	16330	16330	4899000	2	0	5010	300	1633
27/08/2015	16330	16330	0	0	0	0	0	5010	0	1633
28/08/2015	16330	16330	0	0	0	0	0	2510	0	1633
31/08/2015	16330	16330	0	0	0	0	0	5510	0	1633
01/09/2015	16330	16330	16330	16330	3592600	2	0	3000	220	1633
02/09/2015	16330	16330	16330	16330	9798000	4	0	6240	600	1633
03/09/2015	16330	16330	16330	16330	653200	1	0	3950	40	1633
04/09/2015	16330	16330	0	0	0	0	0	3950	0	1633
07/09/2015	16330	16330	0	0	0	0	0	3990	0	1633
08/09/2015	16330	16400	16400	16400	45756000	4	0	1400	2790	1640
09/09/2015	16400	16400	0	0	0	0	0	5565	0	1640
10/09/2015	16400	16300	16400	16300	1712000	2	80	5460	105	1630
11/09/2015	16300	16300	16300	16300	1304000	1	0	5480	80	1630
14/09/2015	16300	16280	16280	16280	4884000	1	0	17710	300	1628
15/09/2015	16280	16280	0	0	0	0	0	17625	0	1628
16/09/2015	16280	16280	0	0	0	0	0	17625	0	1628
17/09/2015	16280	16280	0	0	0	0	0	17625	0	1628
18/09/2015	16280	16280	16280	16280	5795680	7	0	17657	356	1628
21/09/2015	16280	16280	0	0	0	0	0	8597	0	1628
	16280	16280	16280	16280	109890000	13	1780	11093	6750	1628
23/09/2015	16280	16300	16300	16300	145885000	3	0	2143	8950	1630
25/09/2015	16300	16300	16300	16300	16300000	2	0	1893	1000	1630
28/09/2015	16300	16300	0	0	0	0	200	1893	0	1630
29/09/2015	16300	16300	16300	16300	3260000	1	0	800	200	1630
30/09/2015	16300	16300	16300	16300	2061950000	6	800	0	126500	1630
01/10/2015	16300	16300	0	0	0	0	800	0	0	1630
02/10/2015	16300	16300	16300	16300	4890000	1	500	0	300	1630
05/09/2015	16300	16300	16300	16300	6520000	2	120	1692	400	1630
06/10/2015	16300	16300	0	0	0	0	1000	1692	0	1630
07/10/2015	16300	16300	16300	16300	1630000	1	900	1692	100	1630
08/10/2015	16300	16300	0	0	0	0	900	1692	0	1630
09/10/2015	16300	16300	16300	16300	9780000	3	300	1692	600	1630
12/10/2015	16300	16300	16300	16300	32600	1	302	0	2	1630
13/10/2015	16300	16300	16300	16300	2135300	2	1	0	131	1630
15/10/2015	16300	16330	16330	16300	826122400	3	1351	1690	50590	1633
16/10/2015	16330	16330	16330	16300	1706269600	10	0	50718	104491	1633
19/10/2015	16330	16330	16330	16300	1814559600	6	0	698	111120	1633
20/10/2015	16330	16330	0	0	0	0	0	110698	0	1633
21/10/2015	16330	16330	0	0	0	0	1500	110938	0	1633
22/10/2015	16330	16330	0	0	0	0	1500	110248	0	1633
23/10/2015	16330	16330	16330	16330	90141600	3	0	104720	5520	1633
26/10/2015	16330	16330	16330	16300	7021000	2	2	105290	430	1633
27/10/2015	16330	16330	0	0	0	0	2	1210	0	1633
28/10/2015	16330	16330	0	0	0	0	2	1500	0	1633
29/10/2015	16330	16330	0	0	0	0	2	1500	0	1633
30/10/2015	16330	16330	0	0	0	0	0	1500	0	1633
02/11/2015	16330	16330	0	0	0	0	0	1740	0	1633
03/11/2015	16330	16330	0	0	0	0	0	770	0	1633
04/11/2015	16330	16300	16300	16300	489000	1	0	240	30	1630
06/11/2015	16300	16300	16300	16300	1630000	1	0	820	100	1630
09/11/2015	16300	16300	16300	16300	24450000	4	0	2790	1500	1630
10/11/2015	16300	16300	0	0	0	0	0	7790	0	1630
11/11/2015	16300	16300	0	0	0	0	0	7890	0	1630
12/11/2015	16300	16300	0	0	0	0	0	7890	0	1630
13/11/2015	16300	16300	0	0	0	0	0	7890	0	1630
16/11/2015	16300	16300	0	0	0	0	0	7890	0	1630
17/11/2015	16300	16300	0	0	0	0	0	7600	0	1630
18/11/2015	16300	16280	16280	16280	409295480	4	0	7500	25141	1628
19/11/2015	16280	16280	0	0	0	0	0	9100	0	1628
20/11/2015	16280	16280	0	0	0	0	0	9270	0	1628
23/11/2015	16280	16280	0	0	0	0	0	16580	0	1628
24/11/2015	16280	16280	0	0	0	0	0	11090	0	1628
25/11/2015	16280	16280	0	0	0	0	0	11290	0	1628
26/11/2015	16280	16100	16100	16100	483000	1	0	15760	30	1610
27/11/2015	16100	16100	0	0	0	0	0	10620	0	1610
30/11/2015	16100	16100	0	0	0	0	0	4360	0	1610
01/11/2015	16100	16100	0	0	0	0	0	2350	0	1610
02/12/2015	16100	16100	0	0	0	0	0	2350	0	1610
03/12/2015	16100	16100	0	0	0	0	0	1860	0	1610
04/12/2015	16100	16100	0	0	0	0	0	5000	0	1610
07/12/2015	16100	16100	0	0	0	0	0	4000	0	1610
08/12/2015	16100	16100	0	0	0	0	0	3750	0	1610
10/12/2015	16100	16100	0	0	0	0	0	3240	0	1610
11/12/2015	16100	16100	0	0	0	0	0	3650	0	1610
14/12/2015	16100	16100	0	0	0	0	0	4300	0	1610
15/12/2015	16100	16100	0	0	0	0	0	0	0	1610
16/12/2015	16100	16100	0	0	0	0	0	4845	0	1610
17/12/2015	16100	16100	0	0	0	0	0	4965	0	1610
18/12/2015	16100	16000	16000	16000	960000	1	0	13645	60	1600
21/12/2015	16000	15950	15950	15950	2233000	1	0	13055	140	1595
22/12/2015	15950	15950	15950	15950	2552000	1	0	12685	160	1595
23/12/2015	15950	15950	0	0	0	0	0	12390	0	1595
28/12/2015	15950	15950	0	0	0	0	0	2900	0	1595
29/12/2015	15950	15950	0	0	0	0	0	6330	0	1595
30/12/2015	15950	15950	0	0	0	0	0	6330	0	1595
31/12/2015	15950	15950	0	0	0	0	0	5460	0	1595
05/01/2016	15950	15010	15940	15000	30318800	3	4	12565	2020	1501
06/01/2016	15010	15000	15000	15000	3000000	2	4	25425	200	1500
07/01/2016	15000	15000	0	0	0	0	4	26495	0	1500
08/01/2016	15000	15000	0	0	0	0	0	24240	0	1500
11/01/2016	15000	15000	0	0	0	0	0	13995	0	1500
13/01/2016	15000	15000	0	0	0	0	0	5145	0	1500
14/01/2016	15000	15000	0	0	0	0	0	5525	0	1500
15/01/2016	15000	15000	0	0	0	0	1000	2860	0	1500
18/01/2016	15000	15000	0	0	0	0	1000	2560	0	1500
19/01/2016	15000	15000	0	0	0	0	1000	12600	0	1500
20/01/2016	15000	12750	12750	12750	1759860000	3	40	12505	135380	1275
21/01/2016	12750	12490	12750	12000	11242500	4	1690	2205	900	1249
22/01/2016	12490	12000	12000	12000	32280000	2	1	8815	2690	1200
25/01/2016	12000	12040	12750	12000	58660500	4	3119	3940	4872	1204
26/01/2016	12040	12750	12750	12750	47685000	2	8119	200	3740	1275
27/01/2016	12750	12500	12510	12500	15753600	4	7268	0	1260	1250
28/01/2016	12500	12510	12510	12510	50040000	3	7318	0	4000	1251
29/01/2016	12510	12510	0	0	0	0	106	0	0	1251
02/02/2016	12510	12000	12000	12000	7200000	3	3402	190	600	1200
04/02/2016	12000	12000	12010	12010	96080	1	3600	0	8	1200
05/02/2016	12000	12200	12500	12000	7200000	3	1000	880	590	1220
08/02/2016	12200	12010	12010	12010	7206000	3	3000	220	600	1201
09/02/2016	12010	12010	12010	12000	11325400	6	3980	0	943	1201
10/02/2016	12010	12020	12020	12020	601000	1	3980	0	50	1202
11/02/2016	12020	12010	12010	12010	14412000	3	2780	0	1200	1201
12/02/2016	12010	12000	12000	12000	239880000	1	100	0	19990	1200
15/02/2016	12000	12200	12200	12200	10614000	2	3376	0	870	1220
16/02/2016	12200	13500	13500	12200	866669000	5	2196	500	64216	1350
17/02/2016	13500	12150	12200	12100	26725000	6	3019	1200	2200	1215
18/02/2016	12150	12110	12200	12110	23166700	4	3016	500	1913	1211
19/02/2016	12110	12110	12110	12110	1211000	1	1013	500	100	1211
22/02/2016	12110	12110	0	0	0	0	3023	9000	0	1211
23/02/2016	12110	12850	13000	12200	134900000	4	3023	0	10500	1285
24/02/2016	12850	12110	12110	12100	3148000	5	3943	60	260	1211
25/02/2016	12110	12110	0	0	0	0	6943	160	0	1211
26/02/2016	12110	12110	0	0	0	0	3943	160	0	1211
29/02/2016	12110	12200	12200	12200	2440000	2	3003	0	200	1220
01/03/2016	12200	12200	0	0	0	0	3	0	0	1220
02/03/2016	12200	13500	13500	13500	2700000	2	0	0	200	1350
03/03/2016	13500	12500	12500	12080	75483200	4	1000	762	6040	1250
04/03/2016	12500	12350	12350	12350	1235000	1	2000	1262	100	1235
07/03/2016	12350	12730	12800	12500	55392000	3	2160	502	4350	1273
08/03/2016	12730	12140	13500	12120	6801000	3	1060	492	560	1214
09/03/2016	12140	12140	0	0	0	0	60	1492	0	1214
10/03/2016	12140	12120	12120	12120	727200	1	500	1430	60	1212
11/03/2016	12120	12120	12120	12120	5211600	1	500	1000	430	1212
14/03/2016	12120	12120	0	0	0	0	513	0	0	1212
15/03/2016	12120	12120	12120	12120	2424000	1	13	1000	200	1212
16/03/2016	12120	12120	0	0	0	0	14933	1000	0	1212
17/03/2016	12120	12120	12120	12120	31160520	4	12642	1800	2571	1212
18/03/2016	12120	12130	12130	12130	5094600	1	13403	800	420	1213
21/03/2016	12130	12130	12190	12120	16744700	4	1093	1800	1380	1213
22/03/2016	12130	12120	12120	12120	90900000	5	4687	2000	7500	1212
23/03/2016	12120	12120	12120	12120	2424000	1	3833	2000	200	1212
24/03/2016	12120	12120	12130	12120	15272800	3	2573	2060	1260	1212
29/03/2016	12120	12120	12190	12120	1939410	5	2351	0	160	1212
30/03/2016	12120	12120	12120	12120	9696000	3	2551	800	800	1212
31/03/2016	12120	12080	12120	12000	68600400	7	1	800	5680	1208
01/04/2016	12080	12120	12120	12120	715080	2	800	6000	59	1212
04/04/2016	12120	12080	12080	12080	53816400	4	1001	2750	4455	1208
05/04/2016	12080	12020	12080	12000	14908200	8	302	2710	1240	1202
06/04/2016	12020	12000	12000	12000	3600000	2	1000	9900	300	1200
08/04/2016	12000	12000	12000	12000	14400000	4	1100	8210	1200	1200
11/04/2016	12000	12000	12000	12000	3480000	3	0	9020	290	1200
12/04/2016	12000	12000	0	0	0	0	1000	10911	0	1200
13/04/2016	12000	12000	0	0	0	0	1000	10401	0	1200
14/04/2016	12000	12000	0	0	0	0	0	0	0	1200
19/04/2016	12000	12000	12000	12000	1295532000	11	1000	510	107961	1200
20/04/2016	12000	12000	0	0	0	0	19000	4873	0	1200
21/04/2016	12000	12000	0	0	0	0	19000	4873	0	1200
22/04/2016	12000	12000	0	0	0	0	18100	4873	0	1200
25/04/2016	12000	12100	12100	12000	611141000	5	18800	0	50510	1210
27/04/2016	12100	12000	12000	12000	1680000	1	18660	2503	140	1200
28/04/2016	12000	12100	12100	12100	1609300	2	1000	2370	133	1210
29/04/2016	12100	12000	12000	12000	28440000	1	15130	0	2370	1200
02/05/2016	12000	11900	11900	11900	71876000	2	9090	200	6040	1190
03/05/2016	11900	12030	12100	12000	3514000	4	10150	0	292	1203
04/05/2016	12030	12000	12000	12000	3840000	2	9830	70	320	1200
05/05/2016	12000	12000	12000	12000	36000000	1	6830	70	3000	1200
06/05/2016	12000	12100	12100	12100	847000	1	1100	0	70	1210
09/05/2016	12100	12000	12000	12000	1200000	1	6000	3000	100	1200
10/05/2016	12000	12000	12000	12000	1200000	1	5400	3000	100	1200
11/05/2016	12000	12000	12000	12000	600000	1	5000	3000	50	1200
12/05/2016	12000	12000	0	0	0	0	5000	3000	0	1200
13/05/2016	12000	12000	0	0	0	0	5500	1490	0	1200
16/05/2016	12000	12020	12100	12000	30050000	3	3000	4940	2500	1202
17/05/2016	12020	12020	0	0	0	0	3000	4940	0	1202
18/05/2016	12020	12020	0	0	0	0	3000	4130	0	1202
19/05/2016	12020	12100	12100	12100	4235000	2	0	3780	350	1210
20/05/2016	12100	12100	0	0	0	0	0	330	0	1210
23/05/2016	12100	12100	0	0	0	0	2000	420	0	1210
24/05/2016	12100	12000	12000	12000	5040000	2	1580	0	420	1200
25/05/2016	12000	12000	0	0	0	0	1500	0	0	1200
26/05/2016	12000	12000	0	0	0	0	1500	0	0	1200
27/05/2016	12000	12000	12000	12000	12000000	1	2510	9	1000	1200
30/05/2016	12000	12000	0	0	0	0	2510	9	0	1200
31/05/2016	12000	13000	13000	12000	4239992000	4	2500	0	326155	1300
01/06/2016	13000	13000	0	0	0	0	2020	2000	0	1300
02/06/2016	13000	13000	0	0	0	0	2020	3000	0	1300
03/06/2016	13000	12000	12000	12000	4800000	1	0	3000	400	1200
06/06/2016	12000	12000	0	0	0	0	0	1000	0	1200
07/06/2016	12000	12000	0	0	0	0	0	0	0	1200
08/06/2016	12000	12000	12000	12000	3000000	1	1849	3000	250	1200
09/06/2016	12000	12000	12000	12000	4800000	2	1449	3000	400	1200
10/06/2016	12000	12000	12000	12000	17400000	3	9	4700	1450	1200
13/06/2016	12000	12000	0	0	0	0	0	646	0	1200
14/06/2016	12000	12000	0	0	6979320000	2	0	1846	581610	1200
15/06/2014	12000	12000	12000	12000	6120000	4	9	1296	510	1200
16/06/2016	12000	12000	0	0	0	0	9	1296	0	1200
17/06/2016	12000	12000	0	0	0	0	0	270	0	1200
20/06/2016	12000	12000	12000	12000	108000	1	0	1080	9	1200
21/06/2016	12000	12000	12000	12000	7265280000	3	0	2970	605440	1200
23/06/2016	12000	12000	12000	12000	3732000000	11	0	12	311000	1200
24/06/2016	12000	12000	0	0	0	0	0	11012	0	1200
27/06/2016	12000	12000	0	0	0	0	0	16360	0	1200
28/06/2016	12000	12000	0	0	0	0	0	41360	0	1200
29/06/2016	12000	12000	0	0	0	0	1000	33556	0	1200
30/06/2016	12000	12000	12000	12000	1643400000	15	1000	5006	136950	1200
01/07/2016	12000	12000	0	0	0	0	1000	7512	0	1200
04/07/2016	12000	12000	12000	12000	660000	2	0	12551	55	1200
05/07/2016	12000	12000	12000	12000	132000	2	5	12740	11	1200
08/07/2016	12000	12000	12000	12000	3600000	1	0	10140	300	1200
11/07/2016	12000	12000	0	0	0	0	0	5650	0	1200
12/07/2016	12000	12000	0	0	0	0	0	5750	0	1200
13/07/2016	12000	12000	0	0	0	0	0	3833	0	1200
14/07/2016	12000	12000	0	0	0	0	0	5033	0	1200
15/07/2016	12000	12000	0	0	0	0	0	1930	0	1200
18/07/2016	12000	12000	12000	12000	2280000	1	0	1440	190	1200
19/07/2016	12000	12000	0	0	0	0	0	4380	0	1200
20/07/2016	12000	12000	0	0	0	0	0	6930	0	1200
21/07/2016	12000	12000	0	0	0	0	0	6730	0	1200
22/07/2016	12000	12000	0	0	0	0	0	3080	0	1200
25/07/2016	12000	12000	12000	12000	4560000	1	0	550	380	1200
26/07/2016	12000	12000	12000	12000	1200000	1	0	6860	100	1200
27/07/2016	12000	12000	12000	12000	1440000	1	0	7265	120	1200
28/07/2016	12000	12000	0	0	0	0	0	7210	0	1200
29/07/2016	12000	12000	0	0	0	0	0	0	0	1200
01/08/2016	12000	12000	12000	12000	6180000	5	0	6090	515	1200
02/08/2016	12000	12000	0	0	0	0	1000	6290	0	1200
03/08/2016	12000	12000	0	0	0	0	1000	6240	0	1200
04/08/2016	12000	10200	10200	10200	5100000	1	500	7240	500	1020
05/08/2016	10200	11730	11730	11730	5865000	3	3500	1000	500	1173
09/08/2016	11730	12000	12000	12000	21120000	3	3500	7610	1760	1200
10/08/2016	12000	12000	0	0	0	0	500	7810	0	1200
11/08/2016	12000	12000	0	0	0	0	500	13310	0	1200
12/08/2016	12000	11730	11730	11730	7389900	3	0	5700	630	1173
15/08/2016	11730	11730	0	0	0	0	0	8860	0	1173
16/08/2016	11730	11730	0	0	0	0	0	5740	0	1173
17/08/2016	11730	11730	0	0	0	0	0	0	0	1173
18/08/2016	11730	11730	0	0	0	0	2000	6740	0	1173
19/08/2016	11730	11730	0	0	0	0	2000	1000	0	1173
22/08/2016	11730	11730	0	0	0	0	2000	4620	0	1173
23/07/2016	11730	11730	0	0	0	0	0	4620	0	1173
24/08/2016	11730	11730	0	0	0	0	0	4620	0	1173
25/08/2016	11730	11750	11750	11750	3877500	1	22	8163	330	1175
26/08/2016	11750	11750	11750	11750	235000	1	2	4223	20	1175
29/08/2016	11750	11750	0	0	0	0	2	6653	0	1175
30/08/2016	11750	11750	0	0	0	0	0	3273	0	1175
31/08/2016	11750	11750	0	0	0	0	0	3093	0	1175
01/09/2016	11750	11740	11750	11700	1828356500	14	0	10890	155610	1174
02/09/2016	11740	11740	11750	11740	33937500	3	12	10000	2890	1174
05/09/2016	11740	11740	11750	11700	1193500	2	10	11000	102	1174
06/09/2016	11740	11740	11750	11700	1193500	2	682	1000	102	1174
07/09/2016	11740	11740	11750	11700	1193500	2	580	4001	102	1174
08/09/2016	11740	11740	11700	11700	2340000	1	380	6501	200	1174
09/09/2016	11740	11740	11700	11700	4446000	2	0	5321	380	1174
13/09/2016	11740	11740	11700	11700	27144000	1	0	4884	2320	1174
14/09/2016	11740	11740	11700	11600	1884400	5	0	5052	162	1174
15/09/2016	11740	11740	11600	11600	2552000	1	280	1832	220	1174
16/09/2016	11740	11740	11700	11700	4680000	2	0	0	400	1174
19/09/2016	11740	11740	12000	11740	12220000	3	4	5210	1040	1174
20/09/2016	11740	11740	0	0	0	0	1004	8210	0	1174
21/09/2016	11740	11740	12000	10500	26148000	5	836	15080	2201	1174
22/09/2016	11740	11740	0	0	0	0	836	16080	0	1174
23/09/2016	11740	11740	11700	10500	5156700	2	2	11080	491	1174
26/09/2016	11740	11740	0	0	0	0	303	1000	0	1174
27/09/2016	11740	11740	11900	11900	238000	1	313	0	20	1174
28/09/2016	11740	11740	11700	11700	11700	1	311	6300	1	1174
29/09/2016	11740	11700	11800	11700	1182846900	9	5300	1300	101098	1170
30/09/2016	11700	11700	0	0	0	0	5300	1300	0	1170
03/10/2016	11700	11700	11700	11700	468000	1	7	1280	40	1170
04/10/2016	11700	11700	0	0	0	0	5008	1280	0	1170
05/10/2016	11700	11700	0	0	0	0	5008	8380	0	1170
06/10/2016	11700	11700	11700	11400	27279065700	7	2897	9300	2302111	1170
07/10/2016	11700	11700	11700	11700	23400	1	2895	11800	2	1170
10/10/2016	11700	11700	11400	11400	9120000	2	2090	11800	800	1170
11/10/2016	11700	11700	0	0	0	0	0	11800	0	1170
12/10/2016	11700	11700	11000	11000	3300000	1	0	4500	300	1170
	11700	11700	0	0	0	0	0	2500	0	1170
16/10/2016	11700	11700	0	0	0	0	5000	10650	0	1170
18/10/2016	11700	11700	0	0	0	0	5	8850	0	1170
19/10/2016	11700	11700	11700	11600	638500	2	0	9151	55	1170
20/10/2016	11700	11700	0	0	0	0	0	10831	0	1170
21/10/2016	11700	11700	0	0	0	0	0	12831	0	1170
24/10/2016	11700	11700	11200	11200	560000	1	1000	12831	50	1170
	11700	11700	11700	10000	5011700	2	1603	4530	501	1170
26/10/2016	11700	11700	0	0	0	0	1603	4380	0	1170
27/10/2016	11700	11700	11700	10100	10135100	3	600	2950	1003	1170
28/10/2016	11700	11700	0	0	0	0	600	450	0	1170
29/10/2016	11700	11700	11400	10000	16212000	5	2100	0	1450	1170
01/11/2016	11700	11700	11400	10300	11860000	2	2400	850	1050	1170
02/11/2016	11700	11700	11400	10800	26090000	5	2400	0	2350	1170
03/11/2016	11700	11700	11700	11700	11700000	1	3400	1000	1000	1170
04/11/2016	11700	11700	11700	11700	22815000	2	3400	1000	1950	1170
07/11/2016	11700	11500	11700	11400	144816000	8	1400	4000	12590	1150
08/11/2016	11500	11500	11500	11500	11500000	1	3310	6000	1000	1150
09/11/2016	11500	11500	11500	11500	345000	1	3280	6002	30	1150
10/11/2016	11500	11500	11500	11400	19685000	5	1560	16432	1720	1150
11/11/2016	11500	11500	11800	11800	105964000	1	4100	7452	8980	1150
14/11/2016	11500	11500	0	0	0	0	4100	4452	0	1150
15/11/2016	11500	11500	0	0	0	0	0	5452	0	1150
16/11/2016	11500	11500	11700	11000	33909000	6	2000	10640	2900	1150
17/11/2016	11500	11500	11500	11400	14357000	3	1310	8190	1255	1150
18/11/2016	11500	11500	11900	11400	13510000	4	960	7390	1150	1150
21/11/2016	11500	11500	0	0	0	0	960	7390	0	1150
22/11/2016	11500	11500	11500	11500	1150000	1	960	4390	100	1150
23/11/2016	11500	11500	11900	11700	73879000	3	60	5130	6210	1150
24/11/2016	11500	11500	11900	11400	80251000	5	2900	0	6790	1150
25/11/2016	11500	11500	0	0	0	0	2900	0	0	1150
27/11/2016	11500	11500	0	0	0	0	3960	3000	0	1150
29/11/2016	11500	11500	0	0	0	0	3960	3000	0	1150
30/11/2016	11500	11500	11000	11000	1100000	1	1060	3000	100	1150
01/12/2016	11500	11500	0	0	0	0	4060	3000	0	1150
02/12/2016	11500	11500	0	0	0	0	4060	3180	0	1150
05/12/2016	11500	11500	11900	11000	43729000	5	0	180	3830	1150
06/12/2016	11500	11500	11600	11600	11600000	1	2000	180	1000	1150
07/12/2016	11500	11500	0	0	0	0	2000	3180	0	1150
08/12/2016	11500	11500	12000	11400	23880000	3	2000	3090	2090	1150
13/12/2016	11500	11500	11700	11400	10105000	5	1750	7706	880	1150
14/12/2016	11500	11500	11500	11400	20584000	4	1740	4793	1790	1150
15/11/2016	11500	11500	11500	11500	11500000	1	0	7703	1000	1150
16/12/2016	11500	11500	11400	11400	22800	1	3000	7701	2	1150
19/12/2016	11500	11500	11600	11600	1392000	1	7500	7701	120	1150
20/12/2016	11500	11500	11600	11600	3480000	1	7200	2911	300	1150
21/12/2016	11500	11500	12000	12000	120000	1	7200	4960	10	1150
22/12/2016	11500	11500	11600	11600	2900000	1	6950	2060	250	1150
23/12/2016	11500	11500	0	0	0	0	0	4960	0	1150
27/12/2016	11500	11500	0	0	0	0	5010	4960	0	1150
28/12/2016	11500	11500	0	0	0	0	5010	2900	0	1150
29/12/2016	11500	11500	0	0	0	0	5010	2900	0	1150
30/12/2016	11500	11500	0	0	0	0	5000	0	0	1150
03/01/2017	11500	11500	11400	11400	22800	1	3000	7701	2	1150
04/01/2017	11500	11500	11600	11600	58000000	1	4590	7044	5000	1150
05/01/2017	11500	11500	0	0	0	0	4590	7044	0	1150
06/01/2017	11500	11500	11900	11600	3837000	2	4290	7044	330	1150
09/01/2017	11500	11500	11600	11600	4640000	2	3890	4590	400	1150
10/01/2017	11500	11500	0	0	0	0	3890	2900	0	1150
11/01/2017	11500	11500	12000	11600	36142000	3	0	502	3020	1150
13/01/2017	11500	11500	0	0	0	0	0	757	0	1150
16/01/2017	11500	11500	0	0	0	0	0	1667	0	1150
17/01/2017	11500	11500	0	0	0	0	50	3169	0	1150
18/01/2017	11500	11500	0	0	0	0	50	21423	0	1150
19/01/2017	11500	11500	0	0	0	0	50	21423	0	1150
20/01/2017	11500	11500	11000	11000	5500000	1	50	20666	500	1150
23/01/2017	11500	11500	11000	11000	110000	1	51	21696	10	1150
24/01/2017	11500	11500	10000	10000	500000	1	21	21694	50	1150
25/01/2017	11500	11500	0	0	0	0	21	3950	0	1150
26/01/2016	11500	11500	11000	11000	11000	1	20	3951	1	1150
27/01/2017	11500	11500	10000	10000	600000	2	9	4341	60	1150
30/01/2017	11500	11500	10000	10000	50000	1	4	5721	5	1150
31/01/2017	11500	11500	0	0	0	0	4	4820	0	1150
01/02/2017	11500	11500	10000	10000	10000	1	3	22120	1	1150
02/02/2017	11500	11500	10000	10000	38700000	6	4383	15300	3870	1150
03/02/2017	11500	11500	10000	10000	2000000	1	2720	15700	200	1150
06/02/2017	11500	11500	0	0	0	0	3070	15900	0	1150
07/02/2017	11500	11500	10000	10000	2000000	1	2870	18500	200	1150
08/02/2017	11500	11500	10500	10000	34000000	2	6350	200	3250	1150
09/02/2017	11500	11500	10500	10500	420000	1	350	700	40	1150
10/02/2017	11500	11500	0	0	0	0	350	15500	0	1150
13/02/2017	11500	11500	10500	10000	5600000	2	0	16160	550	1150
14/02/2017	11500	11500	10000	10000	6600000	2	0	15500	660	1150
15/02/2017	11500	11500	0	0	0	0	1000	15500	0	1150
16/02/2017	11500	11500	0	0	0	0	1010	15200	0	1150
17/02/2017	11500	11500	11000	11000	110000	1	1005	5080	10	1150
20/02/2017	11500	11500	0	0	0	0	1005	5080	0	1150
21/02/2017	11500	11500	0	0	0	0	1005	5380	0	1150
22/02/2017	11500	11500	0	0	0	0	1005	5380	0	1150
23/02/2017	11500	11500	0	0	0	0	5	5190	0	1150
24/02/2017	11500	11500	0	0	0	0	1000	1300	0	1150
27/02/2017	11500	11500	10000	10000	14100000	2	590	300	1410	1150
28/02/2017	11500	11500	0	0	0	0	0	0	0	1150
01/03/2017	11500	11500	0	0	0	0	4000	10287	0	1150
02/03/2017	11500	11500	0	0	0	0	1004	10587	0	1150
03/03/2017	11500	11500	10000	10000	1900000	1	814	10887	190	1150
06/03/2017	11500	11500	10000	10000	2000000	1	614	10687	200	1150
07/03/2017	11500	11500	0	0	0	0	614	10687	0	1150
08/03/2017	11500	11500	10000	10000	6100000	1	4	15700	610	1150
09/03/2017	11500	11500	0	0	0	0	0	15400	0	1150
10/03/2017	11500	11500	0	0	0	0	0	15300	0	1150
13/03/2017	11500	11500	0	0	0	0	0	15300	0	1150
14/03/2017	11500	11500	0	0	0	0	0	15300	0	1150
15/03/2017	11500	11500	0	0	0	0	0	660	0	1150
16/03/2017	11500	11500	0	0	0	0	0	1800	0	1150
17/03/2017	11500	11500	0	0	0	0	0	2900	0	1150
20/03/2017	11500	11500	0	0	0	0	0	2900	0	1150
21/03/2017	11500	11500	0	0	0	0	0	3010	0	1150
22/03/2017	11500	11500	10000	10000	7800000	4	1500	5230	780	1150
23/03/2017	11500	11500	0	0	0	0	1500	4090	0	1150
24/03/2017	11500	11500	9800	9800	490000	1	1450	3090	50	1150
27/03/2017	11500	11500	0	0	0	0	1450	3601	0	1150
28/03/2017	11500	11500	0	0	0	0	1450	3901	0	1150
29/03/2017	11500	11500	0	0	0	0	0	1941	0	1150
30/03/2017	11500	11500	9800	9800	980000	1	1350	1941	100	1150
31/03/2017	11500	11500	10000	9800	1980000	2	1250	1541	200	1150
03/04/2017	11500	11500	9800	9800	12250000	3	0	7260	1250	1150
04/04/2017	11500	11500	0	0	0	0	0	7460	0	1150
05/04/2017	11500	11500	0	0	0	0	0	6430	0	1150
06/04/2017	11500	11500	0	0	0	0	0	6950	0	1150
10/04/2017	11500	11500	0	0	0	0	0	7833	0	1150
11/04/2017	11500	11500	0	0	0	0	0	7633	0	1150
12/04/2017	11500	11500	0	0	0	0	0	7633	0	1150
18/04/2017	11500	11500	0	0	0	0	0	3490	0	1150
19/04/2017	11500	11500	0	0	0	0	0	3490	0	1150
20/04/2017	11500	11500	9800	9800	196000	1	9	9920	20	1150
21/04/2017	11500	11500	0	0	0	0	9	9920	0	1150
24/04/2017	11500	11500	9800	9800	49000	1	4	14228	5	1150
25/04/2017	11500	11500	0	0	0	0	4	11058	0	1150
27/04/2017	11500	11500	0	0	0	0	0	4608	0	1150
	11500	11500	0	0	0	0	0	4308	0	1150
02/05/2017	11500	11500	0	0	0	0	0	530	0	1150
03/05/2017	11500	11500	0	0	0	0	0	1530	0	1150
04/05/2017	11500	11500	0	0	0	0	0	1906	0	1150
05/05/2017	11500	11500	0	0	0	0	0	1606	0	1150
08/05/2017	11500	11500	9800	9800	1509200	4	0	1852	154	1150
09/05/2017	11500	11500	0	0	0	0	0	5406	0	1150
10/05/2017	11500	11500	0	0	0	0	0	4426	0	1150
11/05/2017	11500	11500	0	0	0	0	0	4054	0	1150
12/05/2017	11500	11500	0	0	0	0	0	4554	0	1150
15/05/2017	11500	11500	0	0	0	0	0	6134	0	1150
16/05/2017	11500	11500	0	0	0	0	0	2880	0	1150
17/05/2017	11500	11500	0	0	0	0	0	5400	0	1150
18/05/2017	11500	11500	0	0	0	0	0	5400	0	1150
19/05/2017	11500	11500	0	0	0	0	0	4950	0	1150
22/05/2017	11500	11500	0	0	0	0	0	2970	0	1150
23/05/2017	11500	11500	0	0	0	0	0	2570	0	1150
24/05/2017	11500	11500	0	0	0	0	0	1030	0	1150
25/05/2017	11500	11500	9800	9800	39200	1	0	1780	4	1150
26/05/2017	11500	11500	0	0	0	0	0	1830	0	1150
29/05/2017	11500	11500	0	0	0	0	0	2950	0	1150
30/05/2017	11500	11500	0	0	0	0	0	3450	0	1150
31/05/2017	11500	11500	0	0	0	0	0	2220	0	1150
01/06/2017	11500	11500	0	0	0	0	0	5000	0	1150
02/06/2017	11500	11500	0	0	0	0	0	4900	0	1150
05/06/2017	11500	11500	0	0	0	0	0	4173	0	1150
06/06/2017	11500	11500	0	0	0	0	0	4353	0	1150
07/06/2017	11500	11500	9800	9800	49000000	16	0	593	5000	1150
08/06/2017	11500	9800	9800	9800	98000000	10	0	621	10000	980
09/06/2017	9800	9800	9800	9800	3920000	4	6600	401	400	980
12/06/2017	9800	9800	10000	9800	46628400	6	820	0	4688	980
13/06/2017	9800	9800	10000	9800	70735000	6	0	10300	7170	980
14/06/2017	9800	9800	0	0	0	0	0	12656	0	980
15/06/2017	9800	9800	0	0	0	0	0	12656	0	980
16/06/2017	9800	9800	0	0	0	0	2350	10300	0	980
19/06/2017	9800	9800	10000	9800	56452500	3	4820	5446	5650	980
20/06/2017	9800	9800	10000	9800	4950906400	5	4820	6506	505108	980
21/06/2017	9800	9800	9800	9800	51940000	2	5350	1356	5300	980
22/06/2017	9800	9800	9800	9800	98000	1	5350	1346	10	980
23/06/2017	9800	9800	9800	9800	11172000	2	5350	1206	1140	980
28/06/2017	9800	9800	0	0	0	0	5100	0	0	980
29/06/2017	9800	11050	11200	9800	278922000	6	4820	100	25280	1105
30/06/2017	11050	11050	9800	9800	11760000	4	4820	6	1200	1105
03/07/2017	11050	11050	9900	9800	29500000	2	2820	5546	3000	1105
04/07/2017	11050	11050	0	0	0	0	2820	5546	0	1105
05/07/2017	11050	11050	9800	9800	2450000	1	2870	5546	250	1105
06/07/2017	11050	11050	9800	9800	16660000	14	1170	5546	1700	1105
10/07/2017	11050	11050	0	0	0	0	40	0	0	1105
11/07/2017	11050	11050	9800	9800	392000	1	1000	6511	40	1105
12/07/2017	11050	11050	9800	9800	9506000	1	1000	6541	970	1105
13/07/2017	11050	11050	0	0	0	0	1000	6541	0	1105
14/07/2017	11050	11050	0	0	0	0	1000	6541	0	1105
17/07/2017	11050	11050	0	0	0	0	1030	6741	0	1105
18/07/2017	11050	11050	9800	9400	2174000	2	0	1170	230	1105
19/07/2017	11050	11050	9800	9400	6878000	7	600	501	710	1105
20/07/2017	11050	11050	0	0	0	0	639	501	0	1105
21/07/2017	11050	11050	9800	9800	2655800	3	1377	500	271	1105
24/07/2017	11050	11050	9800	9800	4900000	1	2047	0	500	1105
25/07/2017	11050	11050	9800	9800	13259400	4	694	0	1353	1105
26/07/2017	11050	11050	9800	9800	29400	1	91	0	3	1105
27/07/2017	11050	11050	0	0	0	0	52	0	0	1105
28/07/2017	11050	11050	9800	9800	490000	1	0	800	50	1105
31/07/2017	11050	11050	9800	9800	98000	1	1000	11100	10	1105
01/08/2017	11050	11050	9400	9400	7520000	1	200	10300	800	1105
02/08/2017	11050	11050	9800	9400	79246000	6	110	2500	8090	1105
03/08/2017	11050	11050	9800	9800	24500000	3	204	2500	2500	1105
04/08/2017	11050	11050	9800	9800	5880000	3	114	3009	600	1105
07/08/2017	11050	11050	0	0	0	0	7	3129	0	1105
09/08/2017	11050	11050	9800	9800	98000	3	3	3369	10	1105
10/08/2017	11050	11050	0	0	0	0	1003	3369	0	1105
11/08/2017	11050	11050	9800	9800	3528000	2	1003	0	360	1105
14/08/2017	11050	11050	0	0	0	0	1003	0	0	1105
15/08/2017	11050	11050	0	0	0	0	1003	1090	0	1105
16/08/2017	11050	11050	0	0	0	0	1000	2090	0	1105
17/08/2017	11050	11050	0	0	0	0	0	42090	0	1105
18/08/2017	11050	11050	0	0	0	0	0	42090	0	1105
21/08/2017	11050	11050	0	0	0	0	0	42090	0	1105
22/08/2017	11050	11050	0	0	0	0	0	40757	0	1105
23/08/2017	11050	11050	0	0	0	0	1000	40757	0	1105
24/08/2017	11050	11050	0	0	0	0	1140	847	0	1105
25/08/2017	11050	11050	11000	11000	6490000	2	1140	1257	590	1105
28/08/2017	11050	11050	0	0	0	0	1143	1257	0	1105
29/08/2017	11050	12400	12500	11000	385725000	4	143	0	31000	1240
31/08/2017	13100	13100	11500	11500	1380000	1	3	41037	120	1310
04/09/2017	13100	13100	0	0	0	0	0	47037	0	1310
05/09/2017	13100	13100	0	0	0	0	0	49137	0	1310
06/09/2017	13100	13100	11400	11400	4560000	2	709	48000	400	1310
11/09/2017	13100	13100	0	0	0	0	0	47357	0	1310
13/09/2017	13100	13100	0	0	0	0	0	5357	0	1310
14/09/2017	13100	13100	0	0	0	0	0	4597	0	1310
15/09/2017	13100	13100	0	0	0	0	0	5000	0	1310
18/09/2017	13100	13100	0	0	0	0	9	6000	0	1310
19/09/2017	13100	13100	0	0	0	0	9	79587	0	1310
20/09/2017	13100	13100	11400	11200	1047400	3	2	79502	92	1310
21/09/2017	13100	13100	0	0	0	0	2	79502	0	1310
22/09/2017	13100	13100	0	0	0	0	2	74502	0	1310
25/09/2017	13100	13700	14700	11400	2057152800	27	0	16895	150000	1370
26/09/2017	13700	14600	14600	14600	160600000	1	0	21132	11000	1460
27/09/2017	14600	14600	0	0	0	0	0	23232	0	1460
28/09/2017	14600	14600	0	0	0	0	0	28732	0	1460
29/09/2017	14600	14600	0	0	0	0	0	26969	0	1460
02/09/2017	14600	14600	0	0	0	0	0	21834	0	1460
03/09/2017	14600	14600	0	0	0	0	0	18660	0	1460
04/10/2017	14600	14600	0	0	0	0	0	5500	0	1460
05/10/2017	14600	14600	0	0	0	0	0	25333	0	1460
06/10/2018	14600	14600	0	0	0	0	0	32443	0	1460
09/10/2017	14600	14600	0	0	0	0	0	35593	0	1460
10/10/2017	14600	14600	0	0	0	0	0	35683	0	1460
11/10/2017	14600	14600	14300	14300	14300	1	0	35804	1	1460
12/10/2017	14600	14600	0	0	0	0	0	79121	0	1460
13/10/2017	14600	14600	0	0	0	0	0	95733	0	1460
16/10/2017	14600	14500	14600	13000	1088962000	19	0	27968	75000	1450
17/10/2017	14500	15600	16400	13000	1170227900	13	0	9025	75000	1560
18/10/2017	15600	15600	0	0	0	0	0	13065	0	1560
19/10/2017	15600	15600	14300	14300	572000	1	0	13025	40	1560
20/10/2017	15600	15600	0	0	0	0	0	13020	0	1560
23/10/2017	15600	15600	0	0	0	0	0	13020	0	1560
24/10/2017	15600	15600	0	0	0	0	0	7203	0	1560
25/10/2017	15600	15600	13300	13300	2167900	3	52	21203	163	1560
26/10/2017	15600	15600	0	0	0	0	52	22263	0	1560
27/10/2017	15600	15600	13300	13300	1197000	2	62	22263	90	1560
30/10/2017	15600	16800	17500	14200	1228210000	12	62	10385	73000	1680
31/10/2017	16800	16800	0	0	0	0	60	16279	0	1680
01/11/2017	16800	16800	0	0	0	0	60	21779	0	1680
02/11/2017	16800	16800	0	0	0	0	60	21802	0	
03/11/2017	16800	16800	0	0	0	0	0	52802	0	1680
06/11/2017	16800	16800	0	0	0	0	0	49262	0	1680
07/11/2017	16800	16800	0	0	0	0	0	47940	0	1680
08/11/2017	16800	16800	0	0	0	0	0	39595	0	1680
09/11/2017	16800	16800	0	0	0	0	3	42712	0	1680
10/11/2017	16800	16800	14300	14300	42900	1	0	12136	3	1680
13/11/2017	16800	16800	0	0	0	0	0	43824	0	1680
14/11/2017	16800	16800	14300	14300	2288000	1	0	43997	160	1680
15/11/2017	16800	16800	0	0	0	0	0	47567	0	1680
16/11/2017	16800	16800	0	0	0	0	0	39587	0	1680
17/11/2017	16800	16800	14300	14300	27599000	2	0	44899	1930	1680
20/11/2017	16800	16800	14300	14300	57200	2	0	46469	4	1680
23/11/2017	16800	16800	0	0	0	0	0	45709	0	1680
22/11/2017	16800	16800	14300	14300	28600000	1	0	42159	2000	1680
23/11/2017	16800	16800	0	0	0	0	0	42759	0	1680
24/11/2017	16800	16800	0	0	0	0	0	5512	0	1680
27/11/2017	16800	16800	0	0	0	0	0	6675	0	1680
28/11/2017	16800	16800	0	0	0	0	0	41675	0	1680
29/11/2017	16800	16800	0	0	0	0	0	58865	0	1680
30/11/2017	16800	16800	0	0	0	0	0	59495	0	1680
04/12/2017	16800	16800	0	0	0	0	0	53840	0	1680
05/12/2017	16800	16800	14300	14300	143000	1	0	22831	10	1680
06/12/2017	16800	16800	0	0	0	0	0	52865	0	1680
07/12/2017	16800	16800	0	0	0	0	0	47041	0	1680
08/12/2017	16800	16800	0	0	0	0	0	52455	0	1680
11/12/2017	16800	16800	0	0	0	0	0	64425	0	1680
12/12/2017	16800	16800	14300	14300	85800000	15	0	67005	6000	1680
13/12/2017	16800	16800	0	0	0	0	0	58284	0	1680
14/12/2017	16800	16800	0	0	0	0	0	67664	0	1680
15/12/2017	16800	16800	0	0	0	0	0	62270	0	1680
18/12/2017	16800	16800	0	0	0	0	0	51200	0	1680
19/12/2017	16800	16800	14300	14300	143000	1	0	42120	10	1680
20/12/2017	16800	16800	0	0	0	0	0	11320	0	1680
21/12/2017	16800	16800	0	0	0	0	0	13597	0	1680
22/12/2017	16800	16800	14300	14300	286000	2	0	13677	20	1680
27/12/2017	16800	16800	14300	14300	1001000	1	0	19321	70	1680
28/12/2017	16800	16800	0	0	0	0	0	6814	0	1680
29/12/2017	16800	16800	0	0	0	0	0	9814	0	1680
02/01/2018	16800	16800	14300	14300	2059200	4	0	0	144	1680
03/01/2018	16800	16800	14300	14300	100100	1	0	24060	7	1680
04/01/2018	16800	16800	0	0	0	0	0	20930	0	1680
05/01/2018	16800	16800	0	0	0	0	0	34740	0	1680
08/01/2018	16800	16800	0	0	0	0	0	37840	0	1680
09/01/2018	16800	16800	0	0	0	0	0	20950	0	1680
10/01/2018	16800	16800	0	0	0	0	0	25670	0	1680
11/01/2018	16800	16800	0	0	0	0	0	27180	0	1680
15/01/2018	16800	16800	0	0	0	0	0	18850	0	1680
16/01/2018	16800	16800	14300	14300	2431000	2	0	20430	170	1680
17/01/2018	16800	16800	0	0	0	0	0	27940	0	1680
18/01/2018	16800	16800	14300	14300	1387100	3	0	29596	97	1680
19/01/2018	16800	16800	0	0	0	0	0	31196	0	1680
22/01/2018	16800	16800	0	0	0	0	0	25826	0	1680
23/01/2018	16800	16800	0	0	0	0	0	0	0	1680
24/01/2018	16800	16800	14300	14300	1859000	1	0	24066	130	1680
25/01/2018	16800	16800	0	0	0	0	0	21520	0	1680
26/01/2018	16800	16800	0	0	0	0	0	27630	0	1680
29/01/2018	16800	16800	0	0	0	0	0	49280	0	1680
31/01/2018	16800	16800	0	0	0	0	0	37333	0	1680
01/02/2018	16800	16800	0	0	0	0	0	38223	0	1680
02/02/2018	16800	16800	14300	14300	429000	1	0	31663	30	1680
05/02/2018	16800	14300	14300	14300	191763000	12	0	13363	13410	1430
06/02/2018	14300	14300	14100	14100	114322800	20	0	14456	8108	1430
07/02/2018	14300	14300	0	0	0	0	500	31129	0	1430
08/02/2018	14300	14300	12200	12200	45286400	12	1790	20299	3712	1430
09/02/2018	14300	14300	0	0	0	0	1790	20299	0	1430
12/02/2018	14300	14300	0	0	0	0	1790	18549	0	1430
13/02/2018	14300	14300	14100	12200	6870000	3	1250	20343	560	1430
14/02/2018	14300	14300	0	0	0	0	1250	8154	0	1430
15/01/2018	14300	14300	12200	12200	3660000	1	4298	8054	300	1430
16/02/2018	14300	14300	12200	12200	50605600	8	1100	11201	4148	1430
19/02/2018	14300	14300	14100	12200	15865800	12	0	17057	1274	1430
20/02/2018	14300	14300	0	0	0	0	0	10479	0	1430
21/02/2018	14300	14300	0	0	0	0	0	11148	0	1430
22/02/2018	14300	14300	0	0	0	0	0	18142	0	1430
23/02/2018	14300	14300	0	0	0	0	0	15364	0	1430
26/02/2018	14300	14300	0	0	0	0	0	10977	0	1430
27/02/2018	14300	15200	15500	12200	1071524400	24	0	16753	70600	1520
28/02/2018	15200	15200	0	0	0	0	0	22325	0	1520
01/03/2018	15200	15200	0	0	0	0	0	23322	0	1520
02/03/2018	15200	15200	0	0	0	0	0	28021	0	1520
05/03/2018	15200	15200	0	0	0	0	0	29021	0	1520
06/03/2018	15200	15200	0	0	0	0	0	43881	0	1520
07/03/2018	15200	15200	14300	14300	143000	1	0	52245	10	1520
08/03/2018	15200	15200	0	0	0	0	38	51245	0	1520
12/03/2018	15200	15200	0	0	0	0	38	47276	0	1520
13/03/2018	15200	15200	14300	14300	25883000	2	44	469006	1810	1520
14/03/2018	15200	15200	0	0	0	0	226	487372	0	1520
15/03/2018	15200	15200	0	0	0	0	188	487772	0	1520
16/03/2018	15200	16300	16600	13500	4193508200	30	4	90001	256128	1630
19/03/2018	16300	16300	14300	13900	123681800	13	1584	208105	8726	1630
20/03/2018	16300	16300	13900	13900	20850000	1	112	209126	1500	1630
21/03/2018	16300	16300	14300	14000	1597200	3	0	250010	114	1630
22/03/2018	16300	16300	0	0	0	0	8	109010	0	1630
23/03/2018	16300	16300	14000	14000	42000	1	5	95500	3	1630
26/03/2018	16300	16300	14000	14000	4200000	1	7	95450	300	1630
28/03/2018	16300	16300	14000	13900	125800	3	0	48080	9	1630
29/03/2018	16300	16300	0	0	0	0	0	48580	0	1630
03/04/2018	16300	16300	0	0	0	0	0	61501	0	1630
04/04/2018	16300	16300	0	0	0	0	0	67341	0	1630
03/04/2016	16300	16300	13900	13900	7283600	3	1	66711	524	1630
06/04/2018	16300	16300	14000	13900	1446000	4	1	66921	104	1630
09/04/2018	16300	16300	0	0	0	0	1	66921	0	1630
10/04/2018	16300	16300	0	0	0	0	1	9181	0	1630
11/04/2018	16300	16300	13900	13900	13900	1	0	25276	1	1630
12/04/2018	16300	16300	0	0	0	0	0	0	0	1630
13/04/2018	16300	16300	0	0	0	0	0	33825	0	1630
16/04/2018	16300	16300	0	0	0	0	0	63825	0	1630
17/04/2018	16300	16300	0	0	0	0	0	71225	0	1630
18/04/2018	16300	16300	0	0	0	0	0	49351	0	1630
19/04/2018	16300	16300	13900	13900	11954000	1	0	53711	860	1630
20/04/2018	16300	16300	0	0	0	0	0	60461	0	1630
23/04/2018	16300	16300	0	0	0	0	0	41551	0	1630
24/04/2018	16300	16300	0	0	0	0	0	31551	0	1630
25/04/2018	16300	16300	0	0	0	0	0	33530	0	1630
27/04/2018	16300	16300	13900	13900	13900	1	0	13390	1	1630
30/04/2018	16300	16300	0	0	0	0	0	14000	0	1630
02/05/2018	16300	16300	0	0	0	0	0	32400	0	1630
03/05/2018	16300	17000	17500	13900	2899987000	23	0	10828	170650	1700
04/05/2018	17000	17000	0	0	0	0	0	60642	0	1700
07/05/2018	17000	17000	0	0	0	0	0	83822	0	1700
08/05/2018	17000	17000	0	0	0	0	0	81622	0	1700
09/05/2018	17000	17000	0	0	0	0	0	85622	0	1700
10/05/2018	17000	17000	0	0	0	0	0	86322	0	1700
11/05/2018	17000	17000	16400	14600	685200	2	0	42072	42	1700
14/05/2018	17000	17000	0	0	0	0	0	5300	0	1700
15/05/2018	17000	17000	16200	16100	37594600	3	0	42293	2333	1700
16/05/2018	17000	17000	0	0	0	0	8	48843	0	1700
17/05/2018	17000	17000	16000	16000	112000	4	1	51383	7	1700
18/05/2018	17000	17000	0	0	0	0	51	56243	0	1700
21/05/2018	17000	17000	14500	14500	1450000	2	9	77842	100	1700
22/05/2018	17000	17000	16000	14500	436500	4	1	37902	30	1700
23/05/2018	17000	17000	0	0	0	0	1	55762	0	1700
24/05/2018	17000	17000	14500	14500	49880000	8	9	45059	3440	1700
25/05/2018	17000	17000	14500	14500	43500	2	6	45329	3	1700
28/05/2018	17000	17000	0	0	0	0	6	38530	0	1700
29/05/2018	17000	17000	0	0	0	0	6	57880	0	1700
30/05/2018	17000	17000	0	0	0	0	6	27070	0	1700
31/05/2018	17000	17000	0	0	0	0	0	59410	0	1700
01/06/2018	17000	17000	14500	14500	24505000	3	0	58210	1690	1700
04/06/2018	17000	17000	0	0	0	0	0	58210	0	1700
05/06/2018	17000	17000	0	0	0	0	0	55546	0	1700
06/06/2018	17000	17000	0	0	0	0	0	55746	0	1700
07/06/2018	17000	17000	14500	14500	145000	1	0	123746	10	1700
08/06/2018	17000	17000	0	0	0	0	0	123876	0	1700
11/06/2018	17000	17000	0	0	0	0	0	128685	0	1700
12/06/2018	17000	17000	0	0	0	0	0	127719	0	1700
13/06/2018	17000	17000	0	0	0	0	0	128519	0	1700
14/06/2018	17000	17000	0	0	0	0	0	28449	0	1700
18/06/2018	17000	17000	14500	14500	7250000	3	0	25706	500	1700
19/06/2018	17000	17000	0	0	0	0	0	5956	0	1700
20/06/2018	17000	17000	14500	14500	1450000	1	0	64606	100	1700
